0.08673934669059236,0.0035033598369409447,-0.014890111058321054,-0.01324064450818696,0.009094911113152193,0.005531324099592894,0.0766755149279561,0.005387968188870218,-0.0076426047717177426,-0.00484242427899062,-0.005980089870263328,-0.055040699699929974,-0.009785972843246782,0.00019813294238701928,0.008648987094829863,0.0013602954604721162,-0.001636794333535363,0.0041426565949223,-0.0015737154974431178,-0.01696243934566155,-0.005829497520153382,0.00248742043004313,-0.018278802126815208,-0.0005297913312460878,-0.001533033046143828,0.007035867425656761,0.006060283546048595,0.0009573808038112475,0.021806594875442897,0.0037174815993239463,-0.008962250576814768,-0.0011579609583804995,0.012314945205616823,-0.0006549914160132175,0.057518903868640336,0.008922631782297685,-0.00567490409923721,-0.02296265609720649,0.0003228414391287515,0.0037611800439663057,-0.09634443740651477,0.13565037578655392,0.0057987929780551895,-0.0034698896902227716,0.008476879134946103,0.006352843943659536,0.006418755500817497,0.010174693080898578,-0.012872098832303891,0.0071354052670358215,-0.0019954216945734515,0.0014881548945595569,-0.004518523018305132,-0.014287409242399463,-0.0005595605770167822,0.0009627669660403626,0.17932440580693765,-0.0033813358586485265,0.14966979577866368,-0.028100126798562997,0.0021841775260327267,0.0016683874814589217,-0.011681637868832695,-0.019019336824612765,0.01928462148498511,0.15339506410418835,-0.21198577095901783,0.004613041230186354,0.0015718396089141606,-0.012069551498143483,-0.013803834108330193,-0.0018114742292709707,-0.07829530139770213,-0.003937687205052498,0.02880522303894395,-0.00379912834841889,-0.006721799404658668,0.004050037046454236,0.00020823873757080946,-0.011398126092899474,0.011558078732605281,6.813717664044816e-5,0.008335180351423332,0.0014891232067384408,-0.0013817694318873919,-0.006913638974992864,0.027744457646576848,-0.0039472042153647635,0.0065041459271242275,-0.006772081918825279,-0.03724664945229961,-0.002453582345879113,0.0008373890564143949,-0.006106208788878575,0.0011588029816493872,-0.013968002183219141,-0.005328593745133503,-0.2593097195917835,-0.39910739513470617,0.0038728520420932,0.0060921532995052985,0.00453700881507757,0.012743625062739738,0.005363072856653162,0.008191713360702124,0.011055673542273325,0.002807222936553444,-0.004347738311480498,0.010338625050280825,-0.0118650385793444,0.10624256872472415,0.2366178162588355,0.01732857243922581,-0.00466252231103681,0.006813751172046523,-0.00558153051588306,-0.005360732455983452,0.0010017631866503507,0.0019238710450508734,-0.006648676726399572,0.00989646806010569,-0.06900792468422878,-0.001986532205592084,0.011105726519417658,-0.013095302561850986,0.07041455307808064,0.010899474970926804,0.007741647406419361,0.103506061981534,-0.013596876065093966,0.0020917862146916377,0.022520587812323356,-0.0032900444284678088,-0.00262964919818387,-0.006339026233376899,-0.013164004656573525,-0.0036695173685075133,0.002609736792805961,0.00029474233133441885,-0.0023336009960530646,0.014516944279193922,-0.0022035317842892255,-0.009619746801945439,-0.002854952360394236,0.004729716180008836,-0.013969263295621204,0.03645936893531143,0.015338871447738711,0.013093690649839118,0.020412837695118924,-0.00569432438368267,-0.058317347677075304,-0.0029667032104043756,0.005178446496756806,-0.0004779682328717172,0.006297384499703185,-0.015599782661411155,0.0015252344501277548,-0.007265523816840869,0.010512798889521946,0.002881083538341045,0.0925842900960987,0.00017065234442270594,0.266990956473137,0.003690500310767675,-0.009216426056298133,-0.002736300017204485,0.003166286243867944,0.005426814265547364,0.006586656191757356,-0.059661011955540744,-0.0030686909340147395,-0.015800773704540916,-0.008313240538427635,-0.020146437917901494,0.002696092141832196,-0.020109627577312494,0.030353374398600863,0.008654688953811274,0.001571343236037137,0.09764876241752063,-0.003616035907157311,-0.0013716192491415313,-0.11579840029662591,-0.00020484020888034138,0.002874750176033558,-0.00308071246831787,0.0248299444477027,-0.0017194699339597719,-0.0032643317135807592,0.011998932497590431,0.0016284768944387906,-0.012875732420070563,-0.0010870650417018624,-0.0033052939098183742,0.00509944169971277,0.011883780619427853,-0.15547421509882042,0.0069882949101156555,-0.0022651304279861506,-0.014480690914297156,0.007117204920348286,-0.005160730342140596,-0.03953236618963274,-0.35628077100591327,0.03135324508366466,-0.01609226700838917,-0.06147247406624956,0.020785497965334798,-0.0012404123881424312,-0.021915106485948854,0.010250922645354876,0.01631681684727937,-0.0041743599767869455,-0.0018419647573750808,0.002490975316050026,0.13806166820673837,0.010354857835409348,0.0065128389262554265,0.016101540246381774,-0.004800643016324102,-0.07271302507797373,-0.002668592236659606,-0.0008233809212470078,-0.007640643881131837,0.006289515743901575,-0.01988877342955675,-0.013211811427936482,-0.003988874157812461,0.029587017269477656,0.004701080079485109,-0.0038663561392695556,0.04782265338599245,-0.032246689351723035,-0.32316989235368965,-0.14534250905489898,-0.0046755314269830706,0.0054640755140553665,-0.011079133509156236,0.0006010536237681663,0.001418139405814145,-0.010904852698615741,-0.0013065938351246587,0.0006883559985908505,-0.06552516343970183,-0.0019677819709613686,0.0010464866395523131,0.020736690481498954,-0.002774878532974867,0.023845383771231354,-0.0001884864952899079,0.004586484463516172,0.00923641890244653,0.07179986103074043,-0.00652835430810228,-0.006216837333795411,0.481457001696981,-0.049929106946478896,0.0014436318574553297,0.025773634079541807,-0.008792528275080258,0.001501907306646899,-0.0038998700583761092,0.0007408565315927262,-0.1098450866766143,0.0016001160420273663,-0.00048212417004833696,0.0405636748150755,-0.008499091870362463,0.05867361843479557,0.002360225226766488,-0.22582325114262858,0.001314521212634645,-0.024484349903104885,-0.005704737041014596,0.011340559561176633,0.04061630516844161,-0.016907108285522554,0.003802234487466194,-0.0014475285590833664,0.005833926395553135,-0.008722180521544942,0.0010248364214930916,0.006642464730248321,-0.0047248383170881425,-0.003485051478492096,0.005586158883744474,-0.002457444904393924,-0.022310059603114496,0.006994327428401448,0.0015957449993493356,0.0696810533554526,0.0010709341376866632,-0.0008186031009245198,-0.0060200584885024,-0.21254359601789474,-0.004278888176941109,0.004777549340360565,-0.0012686155641858932,-0.010492090502339124,0.001079941827129005,0.011212642111331661,-0.3302648824501375,0.0009691172467682918,-0.005798289873894191,0.0032457337347295834,-0.0834814747722703,0.02579117170438394,0.044344960268745126,0.023419846370416053,-0.001196018318012193,0.0007690177517361008,0.002068288645659777,0.0005379251781505445,-0.011533652917705695,-0.0014556428843661706,0.005551506496431102,-0.002518943456834677,-0.00037770087328681257,-0.0016507158989043091,-0.003678403987578349,0.07393563449329577,-0.002915642210155056,0.002985483963129809,0.4265587657660035,0.0014711503058606468,0.012512832586253353,0.3406621246833197,0.0344552060685146,0.030675760170197464,0.0038521658461831976,-0.01565068435502326,-0.004024199268314987,-0.0039236737284227274,-0.002407675639460649,-0.03486654384414578,0.01050160721570137,-0.0012585985116402298,0.00033562872476977645,-0.012984628138610788,-0.14325841582922294,0.011093701060417516,-0.0019476789725558774,-0.006886675225359795,0.007918669138348378,0.021254011626297142,-0.011707476403557848,-0.00366402588042547,0.0906245991357082,0.03485603578837981,-0.0019964598020578705,-0.0012592625876095553,-0.006632274530602444,0.15571645261422873,0.006306336950501645,0.1368543594089715,-0.0018857270221133149,0.00015483317474718206,-0.27945530012630115,0.011773588179039507,0.025661941285306966,0.005980245759246827,-0.0015404901077999966,0.01177749971452613,0.0027509764822752913,0.038635102798252774,-0.01578982660521433,-0.000284394710433844,-5.125776397107984e-5,0.007166016232986294,0.1361343942644453,-0.0903250392319137,-0.008255345633642719,-0.006392217924712895,-0.0009469534883237429,0.006668909882137086,0.005772819742105639,0.13458079732390615,-0.0030000025963090593,-0.020344858381804443,0.005071412830147892,-0.004513147272518836,-0.013861655122582306,-0.010190977047386696,-0.00719719523351614,-0.0005880094232111333,-0.0009904178309625422,0.0017789015503595351,-0.012537711355435022,-0.01652098155591375,0.00020296615980441857,0.0023171316152001964,0.005179798333969643,-0.001734659764679236,-0.002054490561391731,0.09096123428979297,-0.02736218959614689,-0.023087824451067718,-0.004252625188087222,-0.011071015035668097,0.007668187347007915,0.0013333431616047164,0.014311098834696168,-0.006049454516471542,-0.0007845749973967031,0.014042303486576202,0.016589607002970297,-0.0108463177706426,0.0015483666063573764,-0.005870555228284502,-0.0071398146073988755,0.00019064475216623578,-0.022846272796869016,-0.00036181680297886487,-0.0030683388831675984,-0.0018570336906975626,-0.00858543444701354,-0.010012092185434085,-0.004380718068205169,-0.009949103593498876,0.03167200024427075,0.087025541486355,-0.00589539491920732,-0.005258311874968058,-0.1992669293367726,0.004794588954609935,-0.008151791609179782,0.00581914493432123,0.0062663041908308514,-0.00014379114963958273,0.06379023639419756,0.0001958938446477987,0.032892499640183814,0.022675953626844603,0.0012823850902350387,0.13471520589700958,0.0058095179433621524,0.00019368910670891637,-0.0032711150888644625,0.0013315519581738045,0.03428370325332253,-0.005003489990485832,0.06635450878561056,-0.006279979501869093,-0.006864453257094283,0.033297048093118065,-0.0165041396480774,-0.05178558444731607,-0.004678491026950837,0.009562077103510092,0.0027766269827225187,-0.005502443316345307,0.01474550675447972,-0.005203574288998425,0.01394164007388099,0.0027742013348870387,0.00018470433042239165,-0.002880726271541789,-0.009420230898285809,-0.0020240744788679876,-0.004576763658519667,-0.018678078306038515,0.04017890212890052,-0.003092219861173362,-0.0024414573551894136,-0.0019241757090640021,-0.01880359488131944,0.003417029975935293,-0.015057993363143396,-0.004981904063583897,0.0013789908605303935,0.01209833927669024,-0.0019628755489975447,0.0012527168412361789,0.0037881317275605397,0.0008387346242670901,-0.003800073744059773,-0.0066487582016634406,0.0034849220938895087,-0.0021372985193579552,-0.008765749891381347,-0.0035442295643406396,-0.0004921484380702168,-0.009212609616083611,-0.0020299254538258538,-0.06046438179873803,-0.0026447302552696783,0.0018871911888709292,-0.0029458726712618954,-0.005980110804557626,-6.020499313308392e-6,0.0035635318453017817,0.011059038924031483,-0.005262778614451236,0.0021839475903959737,0.04922351286495541,-0.00391924387531617,-0.375155435900524,0.05293624570977329,-0.00013702280966754188,0.020626254284252354,0.004716866301350819,-0.000499542898069194,0.0019522732836776413,0.020675427036394467,0.03337006201581971,-0.009385246694364469,-0.007348483072746603,-0.01280614814368164,-0.006834461988546536,0.03732058911737113,0.009011681169795338,-0.014468488936472568,0.0018466214769432554,-0.003804441045758722,0.042136469965385004,0.01818480507949971,0.06645874355763226,0.016544634609999775,-0.005455203803649056,-0.05423834768589586,0.10620676377266136,-0.0036232491333976213,0.0409972788934283,-0.0045649884259546525,0.01287668192981073,-0.1620183361378622,0.2985678232180362,0.018656792336514627,-0.0038999538601274253,-0.01644169103656168,0.033844919166767795,0.0006918752990259236,-0.00900523340555992,-0.0005056211016380985,-0.015905634780665423,-0.0034312352313463634,-0.002776088436945656,-0.0051199641034145316,-0.0009758970008988399,-0.01292448336698726,-0.019425876017976407,0.0031445291824638844,-0.015275896343155182,0.09680598182876565,-0.017033174419793795,0.0013825492796399885,0.006015191450842394,-0.007647438987987698,0.00017042438321368536,0.004992781570905436,-0.004839835411985405,-0.003385617105777783,0.008943993082539237,0.010160922345676227,-0.042014802673520535,0.006513863000236597,-0.20958565975524834,0.007475612557755085,-0.014527349510899512,0.004382726675316917,0.042761010597132554,0.0011199199361726642,0.006698583988509199,0.0040492099967650574,0.06736919399054386,0.0006032730905189965,0.0032317022328243183,-0.014466347931374912,0.007232451304389542,-0.0008702512523086625,0.002338568027880683,-0.030506159414244394,-0.013392714024298868,-0.012460336379945147,0.020162263348083798,-0.00681480113962607,-0.012449557399122568,0.02924679191391988,1.4080033906793687e-5,0.04109783799867728,-0.0006575458573934156,0.006597365119318965,-0.002963573851957335,0.17554345858275155,-0.0033011321311278152,0.0022171199912008888,0.0026839979504984512,0.004066732091473568,0.004934888409934501,0.01226055176061891,-0.0051140547348040855,0.01054692686375347,-0.010109651381753793,0.001204059180963668,-0.00029512772493944794,-0.1359002315265343,0.019131969629256673,0.003317593421570564,-0.1806912497293638,-1.684924245637376e-5,-0.015027160543468199,-0.0029523722122064555,-0.005214830473960319,-0.004769058531564951,0.0012929861593420355,-0.0070130820681697514,0.00426873317155696,-0.022240811605570343,-0.0016993054468912305,0.006941840263607446,0.046389320695652714,-0.00820891476723773,-0.04701995802088277,-0.00377346681148083,0.0019491565067255578,-0.0002114435972089268,0.004600232216034783,0.011624940372712445,2.494779846529127e-5,-0.01782414259560028,0.21252812191414705,-0.0017308966525888536,-0.018696801869850788,-0.01665202337721894,-0.014764669595024316,-0.0006135817135941579,-0.0031089411895663943,0.003709512656314473,0.005437628726667754,-0.00042218927947601514,0.0315048264080815,0.013702278044547711,0.019337144620294566,0.005562423438277619,0.0021157692995075195,-0.004098860454178066,0.013838061151545844,0.0249460175070908,-0.0032305699887729133,0.16558414212806838,-0.0016261962455246248,-0.002327955481632671,-0.0009240706369837426,0.0015909917689214126,0.004493613456361345,0.011986252383394458,-0.03268617648018335,0.019349130789123592,-0.0026994339932571165,0.0032819942430251103,0.006226965718497013,0.016732012286183817,-0.005563489371979813,0.009393286042666205,-0.03943712040563696,-0.02907261553218632,3.293871213827515e-5,0.3201981952306596,0.006690151287330082,-0.012575716139622273,0.009120598676418012,-0.0031401459254993824,-0.008308433934118398,-0.010527847061950979,0.0033096337247116026,-0.008031451485294383,-0.0011191182788934384,0.020536488884772552,0.03706954828072462,0.01780160130419972,-0.014383850707417878,0.002211226911657427,0.016116069265308397,-0.03710852554831945,-0.0068924123454507935,-0.003316062321573554,0.014564400061317428,-0.016848611113346124,-0.01969013218922555,0.01976992374056863,-0.008248211883937984,0.007776755887789477,-0.006529225232043245,0.0005535586778933066,0.006431838760818209,-0.0019359818561497377,-0.0038911273917392464,0.004333792333000019,0.00030715931860214596,-0.004224615169277968,-0.0037589621506413096,-0.004454238081052608,-0.011399013786103751,-0.02255754170664659,-0.21156712573065306,-0.030617057088420552,-0.0021820168503836612,-0.008589605612087325,-0.0007076028549590774,0.00356031289220482,-0.0033339712317683734,-0.009456072980356112,-0.014434941362651443,0.3325554168427516,0.02581343347623033,-0.0034955554092448438,0.005048771561064314,-0.03947130473721927,0.007146461274089688,0.031113776048186992,0.0015612256054282625,-0.005680844542439445,0.011131780031860217,0.006443884063628502,-0.024237655028514382,0.004650045233120181,0.17822318043772611,0.05041448161614426,-0.2718591600594209,0.001220845105308399,-0.045442563636242994,0.0065366847838959075,-0.018030608371987,0.015448600715444627,-0.00024054659297689795,0.007689037079330774,0.03356761694556809,0.0013808920843985106,-0.010895684052684373,-0.004611821143043926,-8.104120024654549e-5,-0.011879304231115384,0.05610157595754117,0.011880738028480664,-0.0021045664834673516,0.004767206836504556,-0.02496976042402821,0.008845667436617077,0.000605282781407368,-0.0015552904033029336,-0.0039133181596753275,8.724871804588474e-6,-0.02469794395675251,-0.0051410249770924565,0.0061323667268879944,0.03858955135865472,-0.010893787557506585,0.005402457648415293,-0.0056186351202995866,-0.13477523931487667,-0.00725998430425534,0.0018079477868013782,0.01280625361323473,0.23778674220397988,-0.385494091112605,-0.007552347778073454,-0.001661119900745689,0.013999631716160366,-0.0032431456693302607,0.009304673732913216,0.0049157670691784006,0.004878126397215965,-0.004284877904865425,-0.004755256835323962,0.028283955188271648,-0.009580400288541568,0.002936663819127716,0.004023647925350815,0.000666706047468324,-0.010023855052168074,-0.001508717745764443,-0.013256747472041752,-0.004442890735163019,-0.00033503094050502114,0.0066042549506164505,0.018489690973183315,0.12090727073632479,-0.007633564818831928,-0.001193591158653362,-0.01964480058245499,-0.002114430387337052,0.18097161054924982,-0.010041053747045225,0.10666828406465356,-0.03820527825791942,-0.00843845229337603,-0.005533669982696665,-0.0029802228832522815,-0.15272467396243883,-0.0005967262959529762,-0.0029324617244128603,-0.004113784428227518,0.017539593156925548,-0.09349750054389006,0.012269955173906055,0.011676609944061056,0.007696768485857319,0.0030479160786853754,0.005284271972229249,-0.19360224837237183,-0.005165155883332773,-0.010753574617410777,-0.0007409584131892188,0.07828745131519099,-0.013640433360251336,-0.00235424126185535,0.06581684991760994,0.006100237526197816,-0.0013368708714551758,0.004989564424249693,-0.007531503886639257,0.041927544988084264,-0.005126758753249305,-0.015785315718858328,0.00833148902273706,-0.0010922018859673699,-0.02249416982749608,-0.005726244984089135,-0.007604103594530898,0.002434656640616595,0.0007930742131065927,-4.141310114391672e-5,0.0023227670840242354,-0.0025385890942288825,-0.011592190664828195,-0.002743736786669615,-0.000331297864249791,-0.0058129964218096575,0.00949307326482085,0.026824903152146362,-0.005057922329797293,0.0007497366777897696,0.000568874110285833,0.0021496240315173054,0.00837483931198335,-0.012160137046521413,0.005016598193378741,-0.005259230646061042,0.0006982710633565148,-0.009082084901820053,-0.06492965974121034,0.13144765312608797,0.10218404445731721,-0.008247503890743246,0.0012410155177349225,0.0014444317084780778,-0.0060900865162238915,-0.0038069926522439346,0.0068518717555434705,-0.01295893433780293,0.10734233654216041,-0.004987120901205344,-0.04438332849258586,0.0038255538756857277,-0.0015304518074117368,0.0033686886654322734,0.007525035232902155,-0.00276967876652634,0.006053613303379279,0.01545965284682893,-0.01221240038785254,0.0025568987468886917,0.001340960685411119,0.019169559640431544,-0.00781332751625996,0.0008579968016420025,-0.008444928414974129,-0.0011242979932148955,0.0015256418342914913,0.13184812062900164,-0.001388146091926501,0.04396944796644675,0.01477161636398705,-0.06807222656243539,0.008602663292776924,0.012279353412850469,-0.006487326318620035,0.0021636140060081743,0.0010667959575130226,0.06276841240423892,-0.000142017112011672,-0.003572000271788056,-0.005415955985881737,0.12929941265656453,-0.0002118055799655849,0.003399628071292682,0.013391569997111219,0.0033597159208511584,-0.0014835288347399,-0.034221064002849744,-0.020465510556959998,-0.001426587085461506,-0.004056034689710941,-0.02175239545886143,-0.34325687516911785,-0.0018703379155340372,-0.0016406518152507488,0.003243345403461717,-0.01030684416218719,-0.0008770782241072084,-0.001326795008026238,0.00706785878401206,0.001420299038727535,-0.0026747034025902394,-0.0003403923901714734,-0.011119330114865988,-0.009120949818452573,0.0011342695072471543,0.001950564440448943,-0.007814599102744069,-0.013700483747015824,0.0011312837405057508,0.035888945052647614,-0.018888550641349866,0.009693103396784863,0.03582213862773642,0.017562551519290537,-0.003789958878314792,0.007013469728917698,-0.0011295116969449737,0.008329630446041847,0.027217478148941154,-0.0026412654979139916,0.005232132345554419,-0.004463631029921089,-0.014030946497769037,-0.014489879692064278,-0.0023118804710975382,0.0001520940913906088,-0.00031412589669344015,0.015448784924956271,0.001225772905854683,-0.006274996003639899,-0.002419340768597067,0.0005355628545657964,0.005887610548597877,0.16625761882824008,-0.006606352224935108,-0.009049757380125811,0.18440402905071096,-0.004357524003353319,0.26397674081488276,0.01208997697904124,-0.0307622901684681,0.021912686798373215,-0.06732118968375289,-0.08206959666040348,0.009145885237558105,-0.00835015742950418,0.004794920964286575,-0.038310067866405006,-0.017597614899841574,0.0010108138042141945,0.002395365710981423,-0.18781471949341721,0.04415856393336526,0.023530764084171096,-0.002172118522139499,-0.010885439558478538,-0.0017444328050260083,0.02925420848896465,0.003977254003530106,-0.006451417929952186,-0.0107591006877783,-0.002311112645202229,-0.03427007493291967,-0.0037812758655491052,0.25294877346459543,0.027648726886127406,0.11025486250946415,-0.010770698477244878,0.0019414763601162122,-0.0038728611671103863,0.00023075991134646756,-0.09627769065900793,0.012008277972881842,0.008786715270161949,-0.12892139337941444,-0.0007405886353808455,-0.004012342162695859,-0.0022750671989228977,-0.00423139918416382,0.008191006545644086,-0.026617259773345836,-0.00304846203090392,-0.008992886872874806,0.029882984764753928,-0.002298507544765016,0.007303691430024628,-0.01506216239886271,-0.0009242780274689721,-0.012936906016875582,-0.0005577725148668833,0.001227891634698608,0.0019051166946155718,-0.037767499002256955,0.004431766576090013,-0.016048228866566205,0.00472593435415547,-0.006040662840860023,0.002536086197324039,0.029338477600049373,-0.008092189138551475,0.009653506570543868,0.0021829692238952703,-0.042357711770364403,0.14263755157662672,0.13583506727582062,-0.02720475357466512,0.003563740770914592,0.0005258355868136277,-0.009342150183329068,-0.0030731814821933767,-0.011494952510702205,0.0020654864483731217,-0.0006135257069672662,-0.0072104391365428455,0.0058049678268616844,-0.005983731687138061,-0.00038855126240378013,-0.009169624120659137,0.006789833563743741,-0.005669881992616865,-0.008872788164353551,-0.1089625291961056,0.004247252895765996,8.479277312289923e-5,-0.01844214515040221,0.0029123475146661804,0.05107675382896559,-0.019206242467589618,0.15318949958040662,-0.0047212885615408595,-0.006961262156835346,0.0005231975301285274,0.0033948779405363894,-0.00017874568675324554,0.014709900009620469,-0.02327152556472356,0.009286333734053187,0.011566255270736292,0.11730701945180044,0.05584105652633298,-0.0019142935630043212,-0.01798889229667111,0.003329469482650893,0.013692319753204174,-0.005766527277046407,0.019481094114780717,0.005367134916127725,-0.006757642574484635,-0.013950300247415726,-0.006529242464978324,-0.002054318813861755,-0.002819808440108318,0.005702787748532501,0.027574905660003424,-0.0028501856909315393,0.0017272627117961292,0.14382646165950064,0.004415318572682736,0.0016408984920417424,0.000596674341011294,-0.0036490771765329555,0.0049536956976226065,-0.00652206794597987,-0.0015785801215315587,-0.0020307945028434915,-0.007799930470298477,0.006571480569846244,-0.0018276310911460314,-0.003080724534811452,-0.006372840774474753,-0.0006947110616692953,-0.0024400169735219746,0.001462174814150785,-0.015414493219395808,0.02572927360324684,0.010801535353493819,0.1892892798902892,-0.0067956271068396745,0.006154573799904028,-0.0078687912064197,-0.005035487621171342,-0.00436314822127315,0.0033516523862999748,0.0012813699768230435,-0.0032034034734351735,0.10922907803796988,-0.01838444192719635,0.002191536718783027,0.010867740182220587,0.004247433223554253,-0.0011572615323984792,-0.00622223602476879,-0.018459365518992854,0.0015076864366392329,0.002166638362723461,-0.014703131170733741,0.00866465813578543,-0.031096162715584796,-0.012377280498185428,-0.0013011493351768877,0.010257302676109248,-0.1139304096491287,-0.11803681429501012,0.0047049995212944395,0.024903244698748495,0.004734417953244474,0.020335401432021172,-0.02335324009186479,0.0012444349164297819,-0.2637493369747972,-0.008546901198265289,-0.001904166477288527,-5.4048094625613885e-5,0.07462066466405304,0.0010149895169888623,-0.0012146390273528596,0.0023168562488535827,-0.00880990308996843,-0.010322264817659743,-0.003667829425467062,-0.016138700371811865,-0.0013547252452781322,-0.019491242584990687,0.01106554597208742,-0.003298971234471537,0.007747451361865387,0.006925981054337171,-0.00029761465475530713,0.04970607519999248,-0.013423049700236334,0.0051694834600084505,-0.07640598411580868,-0.0672188148632813,0.19388017113215028,-0.0044601759766464966,0.0036558246711138054,-0.006953440329425575,0.01858518721087421,-0.0016195857606362551,0.004728779878860223,0.07324323655666376,-0.013458061931032717,-0.012874553542587819,0.0028954967820027377,-0.008447811622318113,0.04826565539860894,0.006620421696482026,0.000924015715099813,-0.0059436145129438955,0.005515131504580495,0.006521846101122719,0.04237009324015162,0.00026914962933233255,-0.007322772817133227,-0.03663538694240742,0.005450828756693227,0.0002369250364608888,-0.0035491472963258275,0.003095690668487805,-0.005981565060210414,-0.013048152951341763,-0.07837560372286134,-0.00029563289308498497,-0.0016441397924609191,-0.013062976855167108,0.0038630626511348964,0.0015142348820518237,0.04361575441816967,0.0045227811597214895,-0.004710954605798179,-0.0010367147633587592,0.06364333950770629,-0.007704909869062249,0.00030795233988101245,0.04854423891879378,-0.008931149657200876,-0.0012242398131547816,0.09885459593817814,-0.004152067697759776,-0.012518771576196741,-0.0022768702040139033,0.012556591746033519,-0.008889212093436072,-0.007929700276918084,-0.01362149979570404,-0.4736647770660056,-0.030327846126965596,0.27300950418884895,0.016983844180430197,-0.0012585526016941628,0.06923474441509825,-0.00283643629609287,0.004446872277753755,-0.005305530495206767,0.018790943787507786,0.012000517463093274,0.00312641501386679,-0.019292747638019137,0.0026887869453275925,-0.0016292391155730002,-0.004405050336572458,-0.003497249466363428,0.014457814205343311,-0.003466517820925219,0.007786998234678322,0.02015834385326798,-0.0071372151664945704,0.002322165294572187,-0.08253757300622055,0.012573443118753858,0.12839624698062835,0.29292439661048775,-0.11488057165144028,-0.021716533864520216,-0.013690894566025236,0.0393353236618168,0.010672318420802185,-0.005377270760618558,0.048239786613521574,0.008124257310811345,0.013570819328379002,-0.014609161137116189,-0.08743540054683763,-0.0158172241099237,-0.014387001401985344,-0.11280046444767322,-0.00372157692345354,-0.011461799748758494,0.003227698470254836,0.02361132572502811,0.005750194173742784,-0.009921070344717009,0.26461056106563774,0.005082104984467151,-0.0025351213862450095,-0.006403915937880811,0.0006126804794348573,-0.004547536154859699,0.001530473498860374,-0.007754504912554694,0.0001036874164128676,0.009615666921718002,0.005411049132419521,-0.05993067842058508,-0.009445744044569437,-0.003525256386183173,-0.03972828184487298,0.0038273864679467806,-0.0027316991645420785,-0.003278846343164332,0.018269430727741565,-0.00375477515581224,0.002039991950368858,0.014231889075972504,-0.2137595380570474,0.00048742352873887285,0.0007228704430417565,0.0016595738811702176,0.19174614720213867,0.02013118047216267,0.013950997555184586,-0.027539213812815433,-0.0017559046400492662,-0.0028207682180436677,0.01128756702996725,-0.0017241216028196504,-0.006390123429810046,-0.0010512899025343359,0.024544138247392766,0.0016599884320385172,-0.006754076781362528,0.05312309674968674,-0.009333825881185476,0.03843015166148689,0.002008739813959437,0.002659324250998907,-0.015832383514521098,0.002845947944820182,-0.058071514658365686,0.003781508431529801,0.002925594063981407,0.0014260791544984386,0.0219184161091448,-0.005458158242618083,0.0009310391597523449,-0.007554682774070898,0.005050955784938083,-0.007119161479295144,0.0022233380929037594,0.010132319875992835,0.00997503160715496,0.010115115125017837,-0.060117208148312784,0.006085420791350771,0.006481439519347987,-0.01657948563570244,0.009369419298309367,-0.009338008728263958,-0.020887455126285204,-0.020538605822366662,-0.00138318219546818,-0.00244558521194449,0.009035867894453986,0.010110943406857587,0.0031980364205992373,-0.09968694904455333,-0.002282575331719272,0.010985528371747932,-0.015211466979394572,0.0008166946031451516,-0.001032290790362822,-0.00896456827649672,-0.015304104344977532,0.011890800689798198,0.01957444774416217,-0.004998255436476029,-0.0011732305856639869,-0.013109255597555602,0.000434891057693676,-0.004536937539342034,0.027076542339045773,-0.0011089180889030104,0.005288997306251986,0.010178217087286612,0.0035049144794356835,0.11341843997251999,0.012965041265033506,0.00482397505948029,-0.009278706152144878,0.011013790816832625,0.014923418177279046,0.0017597626165297697,0.006599481066587032,-0.0072794302509464615,-0.0020984945363125007,0.008904457337848726,0.00815037203369684,0.010054490592665388,-0.007332194462151165,-0.010912643611391104,0.011108879518360482,0.02135136616334421,0.0049685579560900806,-0.011333794014717569,0.0010866670309042092,0.021232340086726254,-0.0029248005953377287,-0.000968976162312174,-0.06129781344793628,0.041744910064835494,0.02569789982567272,0.09032146372419447,0.0495085125839978,-0.03430653011218965,0.05512455921217452,-0.0032625830581309856,-0.010557265627824108,-0.019935267366236076,-0.027062068209147583,0.005502955373572149,-0.009899139546277524,-0.0036158193925075466,0.0006514215547213098,-0.01198795539130515,-0.004405027861139388,-0.006276207499468001,0.0063520570075965566,-0.006477372930930869,-0.024652728689488868,-0.005194064203379867,0.014849915400503733,0.013442784091694193,0.014338762216141276,-0.011615923594945343,-0.010477767124029924,-0.0064770641474751756,-0.006769481130504573,0.0040618888479002635,0.013553583016687298,0.0028667734968621517,-0.002323644878288178,-0.010111828258914102,0.0007783066744195821,-0.007022424902061175,0.007705820790320672,0.007344216141333959,0.005913955316373176,0.00790393158513325,-0.009649758453633694,-0.01206686334751339,0.02548915891929937,0.0031171535366638636,-0.003551635536723552,-0.008429145355080436,0.013170341987006395,0.034937825981387505,-0.009004123623526539,-0.04525846816613921,-0.008784986358023161,0.0026446504689374706,0.017928494133229833,0.004251027880854963,-0.024865600153589185,-0.003813432140759687,0.004263917795112704,0.022003891283702615,0.019992075798654696,0.004814712752093442,-0.004324058239944861,0.0021834715918203074,0.0976304050567478,-0.003564552403986454,0.009647213136616983,-0.030562738257913225,0.008583192140577012,-0.01746955472845002,-0.011436947161200806,-0.0059687563461920945,-0.0009148562976406538,0.03505768313380031,0.0002940312706414261,0.0015043298035379848,-0.0007462779085471993,0.00353178208126792,0.00245105807971413,-0.01238160749699091,0.04877890781972383,0.020052115406542725,-0.012221409899666469,-0.011189476581421332,0.05523799398451956,-0.0052757600870450005,-0.0009373501911795756,0.006706675261739292,0.007880355893121305,0.023023831168984543,-0.0077746407869199174,-0.006439678933475079,0.013919646824206211,0.0018630053446031525,0.0015882147272350267,-0.010981819320932118,0.0025012069140757376,-0.006453815547502018,0.008592674190367688,0.013889791895621784,-0.004308676365099018,0.02676301997871633,0.006519137325540214,-0.010173507518402403,0.006750832553052533,0.004279181813217292,-0.005289118878977206,0.0027463186906970805,-0.006462439429014921,-0.015276375110261142,0.013609008081402862,0.0038210834163692198,-0.0117851914824314,0.0005311277984674234,0.004966004834386695,-0.006501684641079919,-0.0016200842792386538,-0.036965610615879996,0.021224880981208116,0.016677445078130404,-0.022304572610664763,0.003731015164476048,-0.061173509521893266,-0.0015721897675575747,0.0016003891228137945,0.030519684767568833,-0.002527257294559604,0.001460093656078243,0.04094041958296657,-0.002792935544743358,-0.013722232697546133,-0.004706809353592689,-0.027910777785564278,0.022368998425008613,-0.010465431860779972,-0.002463757888563123,0.014371642383594008,-0.00727314119831135,-0.03309740497161329,0.00980724798864685,0.003081840412392012,-0.00288065015513439,0.0017217147324117832,-0.007016820867647766,-0.004821991440536522,-0.009685292402991763,-0.015699485528955393,0.006026109722824913,-0.05331133704521562,0.01035820373772367,-0.005516088315516754,0.018415199738051058,-0.021293984131261823,0.008350016669282923,8.404090840485878e-5,0.01084928777481764,-0.003729083471625927,0.038986822288961775,-0.01589660731042386,-0.0005290141430123185,0.011457776196039049,-0.0006604697300645057,0.002911670883804618,0.0027507464519658242,-0.0005956894638075028,-0.00028315382269283873,0.013881648846108874,-0.003578661247047421,-0.0074405048230801185,-0.006241790369131195,0.0370603226010644,0.004293297786716721,-0.051993212409115586,0.010091366911183286,0.0034649853259907104,-0.016968511648883577,-0.005376552884627017,-0.006984269517033681,-0.038245203451197085,-0.0400484535484793,-0.005307569799697376,-0.010380818118392199,0.006438617741082453,0.01684226023280644,0.009236623744527606,-0.004271126292223926,0.0023464817393232806,0.007782500473695109,0.0031978628426259093,0.02719488834918593,-0.01051173230234781,-0.0091413974120087,0.005954957621725043,-0.01508989583589937,-0.0022956080269977974,-0.0022208654459063837,0.0021770964303868823,-0.001917650482027966,0.0014722051100761746,0.013052894871179888,0.004187401675153524,-0.02820715211373681,0.003551819378117216,-0.011013931806701294,-0.005335669181249614,-0.0010007773744291626,0.031636772024285165,-0.0163175729003342,-0.0024863291400833987,0.008223008013828803,-0.011536631407125242,0.005350689312763279,-0.0008048591917031445,0.007367487519331917,-0.004806725069101958,-0.008233040965933469,-0.0014906634771705285,0.07232870627927923,0.03717755244451837,-0.005582478597716545,0.002643870236170187,0.0020602868307832978,-0.006226955832062231,0.0005238307119270758,0.017834079251770163,0.001887318674562266,-0.0013470695071191585,0.012700973115897796,0.01830183049014522,-0.013063955105735658,0.021357061081062056,-0.0004146308308463631,0.0010539023460296448,-0.013598068535429775,-0.0015092295780050335,0.0019677620730362833,0.004103130596377014,-0.01664805520340451,-0.003202877688636363,-0.01981778131585088,-0.0021230062720860587,0.0009343915449465667,-0.002291863361392643,-0.013343698403332382,0.0020421227336555603,-0.0656299144939112,-0.0007221226378533174,0.0038095106315267913,-0.0028571034144988516,-0.00487184605094626,0.004903031001049385,0.0006435513905671542,-0.010467705055361876,-0.011824346179309941,-0.0006467474581768329,0.0001589081412021187,0.010798332873491745,-0.012494128778598679,0.0008906770949579368,-0.019216908161979518,-0.005444836770948314,0.0024437879833385523,-0.007659422448341502,-0.0058610484693417675,0.03625298209340144,0.009446237799693336,0.0079111817908597,-0.007348020024437574,0.01716908602975309,-0.004288518201065017,-0.00567598052930407,-0.04175041330745444,-0.006490504691441856,0.0007088639338235225,-0.017750308563790895,-0.004200226690954878,0.003982128963798459,0.035452552870992804,-0.004006437307907618,0.0017153916979850692,-0.004898849192159105,0.004806644630320989,-0.013142072631012525,0.002723814709497674,0.0754768098781824,0.004299860941046063,-0.003115633055813305,-0.012024312453831953,-0.0026489212441447307,0.005044171005465614,0.030843642307445407,0.002702279953382458,-0.0031915641729938216,0.040604989877635944,-0.015464599127881229,-0.010792913056093312,-0.013964496156866346,0.017228798740688944,-0.0023000352985036443,0.0015909451931293006,-0.0024776811692390766,0.011081156429099792,0.012975105976693158,-0.05150741329543962,0.004858483356656507,-0.004843162092242892,-0.02086384710855782,-0.001827784552006051,0.013920419160626807,0.014919020319439369,-0.008284246842322318,-0.014200270694914252,0.014882115536920537,0.014425157038203906,-0.0033057140526580042,0.009142775107648049,-0.00831875458061404,-0.007995962672794121,-0.003683349731090857,0.0023042280992058295,0.017930105783307226,0.0049781128800532315,-0.0075488161904928575,0.004632293061149539,0.015094429213604599,-0.010954376966765267,0.00012187087122583762,-0.006917021399203804,0.035294215082217306,-0.00022191395487425325,-0.011782163558564207,0.0019734514805804793,-0.013126616839144845,0.027297621924617488,-0.008860241423462867,0.021209525405538443,0.006572756537934765,-0.0006486828845027048,-0.0036785622796742246,0.02312469121579852,-0.006920008180259174,0.007342669326590112,-0.013830361584041384,-0.013857615422239178,-0.020220842166779107,-0.020370439070347857,0.01176168155848245,0.002050429570672918,-0.004297667240280134,-0.002584185098839953,0.007422960654821509,-0.0007363804434135091,0.00947876718430507,-0.007193672663561301,-0.0043667814397849725,0.004065436248311016,0.0032506430379726226,-0.0035079274402960436,0.00018999833446287084,-0.0042293323172089,-0.004850092456763377,0.000940096016584846,-0.014742110923180007,-0.010646347614965634,0.01101089640178543,-6.921982276253402e-8,0.017027544746042622,0.006385585354962586,0.05081812275147968,-0.009192637941396242,0.007416420121444389,-0.0008646406496382042,0.0028800803725061996,0.013040555473708082,0.013780110193692963,0.007657244628262561,-0.0032050288773461943,-0.0009754695929586887,-0.0010886554504168089,0.0004838342154016573,-0.0001149942652318714,0.00352144933094678,0.013323428080184385,-0.019748518217966193,0.012862888648669468,-0.00019400157452764688,-0.0028546031599034905,0.0030914378721718094,0.0021064807094717253,-0.0073452549318062665,0.014357549798205582,-0.013966695998306022,0.000904650716620381,0.004077500476341811,0.018725371770415222,0.03272658747391688,-0.0019101993805179518,0.0029769941561426094,0.0036036304848039435,0.037205784226898686,0.01376443170283892,0.0008423972967648297,0.007125978494343599,0.007745760191028239,-0.012031116181788093,-0.009042467967560697,0.02692271224704257,-0.0024939516840731812,0.024132277480021003,0.00371375377608274,0.021507770097286993,0.007521500386246771,-0.0037296081368367595,0.008207480782402854,0.0045419826437864685,0.0030329114242704236,0.05172078039549888,-0.0043723275653064775,-0.00047699688730062917,0.005843550829922606,0.004234256363361055,-0.012016881228191778,-0.03564650114822143,-0.01059264843641472,0.002220904261321266,-0.007005838212535309,-0.0012071121261385542,-0.02127127131313955,-0.006119511370343389,0.0069716462912765564,0.005751270613586712,-0.011449242399976356,-0.09283023967464032,-0.00931953083487258,-0.02173324652358133,0.00924918067858016,0.00782968460862321,0.034903808328522246,0.018130353404899324,-0.0011493357328618004,0.0025640412945904245,0.0010667962004617948,-0.009276961815771756,-0.004462095508870334,-0.007281739062364068,-0.03986004964599488,-0.0015701367738074623,0.01926257581453683,-0.0077853972240973235,0.0032080628525363863,-0.02280417327892792,0.005177045771233679,0.08129325032018642,-0.006699613571527152,-0.0029684390137845185,-0.008325296856355635,-0.017086172560993873,0.0009265191422400676,0.053533068641627324,-0.004142718388948197,0.00988958393008943,-0.0020189761689834995,-0.009281991667194234,0.006000485764161567,0.013675834249170293,0.00789676589465671,0.008696515895280754,-0.06678970820939867,-0.0011924528373583598,0.007621936901159643,-0.015563552135517966,0.003371056319338095,-0.0033719961229508044,-0.0010169271708946326,-0.008560842723568385,-0.028413306808943162,0.015736719136157262,-0.00029670967978745466,0.007093320443345874,0.002317208104841484,-0.032063772566402804,-0.004560719125947799,0.0018314777271370986,0.004663415096729295,0.0017946221078091185,0.010768952770604301,0.008376847478302807,-0.013712344208386185,-0.00792033216919208,-0.005889926081181329,-0.00027208020037505776,6.991218106122687e-5,-0.027384788449126063,0.00580641939995985,-0.005093273332022363,0.01570036205202996,0.0014612890711305226,0.02679833778711327,0.012054347768298612,-0.018145341189665487,0.004309523035772145,-0.005428089856195584,0.0073876466691444875,-0.0015263644518199726,-0.0030287447491446073,-0.003150596231535019,-0.008410899035879993,0.0021717592790082563,0.01870151099001305,0.06853154038196863,0.0012132029648910247,0.012621522188055678,-0.0071070734074965,-0.02089320206323464,-0.07280331414676766,-0.013816004980071739,0.035759833768452154,0.010742243815002439,0.01126834513797803,-0.005900255580854719,-0.00012712322404695442,0.03506822670897236,-0.004372565465018852,-0.0222737531016719,0.0019896507214980375,0.007119465347386722,-0.014222788855249746,-0.005938287158869571,-0.009121795046667103,-0.0010769247355710831,-0.048304795704552816,0.025753858580856104,0.010309945980225166,0.00014228295640350552,0.0055584854708286,-0.05491752316936527,-0.005617584991341573,-0.00425063043985574,0.00111588530944573,0.04428465816795324,0.020808458645205974,0.0026899347285507247,-0.004147109101836577,-0.06510204665937636,-0.0006364461123666842,0.01053885418059508,-0.002342404956834798,0.01580841616151929,0.0038883116367287585,0.02617884908522683,-0.007172602028276742,0.003696043593890863,-0.013352045168176119,-0.009275101506318606,-0.010460185907504638,0.0149648672722833,-0.055762315227184445,0.013967862849540325,-0.0349791296694093,-0.01760225258249193,0.006490541483344714,0.016226452810769842,0.0007080646855683881,0.03305614640385102,-0.0012561427793116309,-0.017181896750727788,-0.0020201839915898745,-0.018709314642364916,-0.001798818800580193,0.008604831355114584,-0.016779631244503435,0.0005702709386241622,0.004326267547185125,-0.0020784274614698006,0.09855958471234771,0.013994071583283585,0.00952356559355394,-0.0006700708146922807,0.03288223253184697,0.013279290695663803,0.0028746676498485613,0.013741456150796694,0.03340631250034676,-0.008650898870882884,-0.0028098759376007365,-0.00016982973829726689,-0.013136281358029578,-0.0014249621911517352,-0.034280932616184145,0.003366075836083837,-0.055436366379183255,0.022064784881422383,0.014085510299992166,-0.0015685461476095952,-0.005843304787958914,0.010318014327708624,-0.022050010235943773,0.0052670138816210965,0.013735612066739122,0.0046254395806499815,-0.003107514733073913,-0.01601825055831796,0.0034078556933536674,-0.00792877279309323,0.0931926816201667,0.002641268777097139,0.0354776465088662,0.010484139970230899,0.001950924582160951,0.019035169000744645,-0.0033359085082338424,-0.006446280766340351,-0.0020540463065117365,0.010055172430913473,-0.001160703650839423,-0.023277549292288313,0.01808751621956617,-0.004932176480906492,-0.0034688172690948704,-0.01435381548390069,-0.03858738997098499,-0.011983512067672564,0.00035116863227813155,0.004798443111212691,-4.028735361316649e-6,0.0046499635427608155,0.01676577676062152,0.009702585668946995,0.056977569133323414,-0.0011816796659331885,-0.0002798322148009902,0.007011057139095556,-0.0036059581179870293,0.010181854030633986,0.01611362462699617,-0.006148778207261785,-0.013818206615283657,-0.017524066419355222,-0.004752655750053236,0.002352115603571292,-0.0023736935581837315,-0.002743925807465075,-0.0016999873741951887,0.009682081546998234,-0.0007193770966296142,0.05578837410411097,-0.0008487508778785013,0.011790942309744423,-0.013490462979916629,0.012994330023502698,0.007760008078548708,0.00474214602036227,-0.0038643286675323907,0.01276000691768786,-0.00608880359595787,-0.008373464134024289,0.004260207501829427,0.04129992163643692,-0.0003219277350581251,-0.00977539263323024,0.00016900280456866312,-0.0015724890608908026,-0.009209729891153984,-0.00181834978502593,-0.013181564809201518,-0.004515347226288213,0.002863736118797533,-0.014343205430122907,-0.00548523777047194,-0.007900137300566712,0.000763808932788379,0.03981187045474144,0.0009306983972692251,0.0005064505352265769,-0.0003531500358349149,-0.007812468909833115,-0.024313489783253317,-0.012028389714032528,-0.018821319210019283,-0.06684604295071495,-0.009128948711349949,0.0024510030161764007,0.012837789637160313,-0.00828762742003164,0.000419140746089397,-0.009504715996399682,0.025498631395066695,0.02592329229059942,0.07821565888480109,-0.04631286651533628,-0.0016363588611056912,0.005023781033855812,-0.0020305024288518325,0.0036015176340811195,0.008435385736447643,-0.018331214592876677,-0.01529405670817141,0.002810661100966172,0.0048901985790053,-0.0207554615335539,0.00477341589248681,-0.012959482325641147,0.0040477927088886645,0.009249843169527594,-0.006164909091239679,-0.021802174124104567,-0.015484044225559046,0.0011416954484957387,0.004568259383631812,0.004221934334054822,-0.012982179110622383,0.008365801019863284,-0.01014215014652109,-0.0029001909924772917,0.017100111791023664,-0.012702411208465492,-0.004839845909373253,0.006733943931521935,0.06080368350558274,-0.001413823771144962,-0.001762607462296728,-0.0072029427817597025,0.024955813538326765,-0.0012827586722323758,0.00871436594889019,-0.004650661521736765,-0.004472311080462532,-0.002410424674053502,0.03528182465606733,0.002378674384999613,0.01132893497697296,0.0020621336293515924,-0.010427899491332937,0.029234215517135453,-0.009360216490676976,0.005981941401785207,-0.026082117359692347,0.0024099612933241588,0.06074026525629961,0.02061378512189549,-0.0024297811484075282,0.02102622473125848,0.017303570225067233,0.015256135761319456,0.014723027534500943,-0.0042589796771608235,-0.016959588918780355,0.019714489826583304,0.009857733548500391,0.0018424755718342567,-0.0022350699800881557,0.0010878148332267301,-0.0006792931494601362,0.005750353785515472,-0.012234150260447052,-0.0034662487028072064,0.00022111180533102015,-0.04841035045564013,-0.022033109846233856,-0.010310414112609578,-0.0008404761549627437,-0.0034135293443569026,-0.02830882073885732,0.007226357104855197,-0.0040171894927425456,-0.0007483889876311878,-0.011942532936927819,-0.0010799592984085393,0.0022793468958752783,0.06051562287439083,-0.009924663503625197,-0.00037997017989255255,4.895482629763137e-5,0.10905602373372858,0.0055538359372633295,-0.008076884003514806,0.007938931695662177,0.006648939632000861,0.032046617033756775,-0.005463412037897797,-0.002753079483682086,0.0044142430356259865,-0.00197477198253182,-0.025354644918479607,0.0027989173449896043,-0.002011117217989522,0.004521287280567776,-0.010245874436805025,0.006322665220068302,0.0025141692790384695,0.00383870466339431,0.010432911879888707,-0.0024565396038269682,-0.012766386472094382,0.005173903177819739,0.004733866651804419,0.00835799336960008,0.011296031284473429,-0.013412681515092117,-0.0048448529881852664,0.02125612894644746,0.002433915786241414,-0.003585729327824083,0.012809014864615165,0.011026017085896456,0.028521291338620358,0.01340668054535854,-0.0014057035135692786,-0.011885585277923383,0.008927073662334806,-0.0019846086488541914,-0.007211619300960592,0.010879097069221189,0.010878688598040753,-0.041131601820779906,0.007703654634042323,0.004075437133678861,-0.0097943817151247,-0.008137569753671414,-0.0032636556638863112,-0.005094856043342588,-0.07104773892342564,-0.008185462457618087,-0.011366462179239534,0.01320536103366976,0.005319041953953274,-0.0016405192243382771,-0.013784184743599326,-0.008047129303577094,0.011676361662921408,0.08766108759323288,0.004252897158607993,0.04047672093156507,0.012431765751131252,0.005953919893727289,-0.006336090418699314,0.0009516433642602351,-0.06576760543430282,0.03187855025043973,-0.005515125262718357,0.005293138328852365,0.024813056525999855,0.008217852509005752,0.06668529720172955,-0.006604372314541251,-0.015536521460035146,-0.00020219398960819035,-0.004917609579933924,-0.009089760656479484,0.004905727350887901,0.006830978268226318,0.0020749355762745836,-0.002961452189992997,0.1067482274700069,0.023780725617825738,-0.007351980084422394,-0.013522518262789163,0.00118215672569022,0.028038461146934424,-0.013161177781967126,0.03430352306997975,0.014265846144553507,0.009003684316667204,-0.03777786881346401,0.006667430592187884,-0.006048171067050134,-0.014921867125394783,-0.012054218167122599,-0.008494838090427947,0.008778246793440303,-0.006301336504293431,-0.041667472567951336,0.0010269053443607845,-0.03805352618201141,0.006308762935987033,-0.030538602794194958,0.02800594302971149,0.015091730331960207,-0.008510210049280431,-0.02065795352700661,-0.0026334319604757184,0.005462933535454795,0.009562918306983192,0.011030443325125816,0.012659249434364028,-0.003142346394724882,-0.0016001589229972524,0.0151861873262078,-0.0045013726312390645,0.0003531291807803427,0.00254240224960256,0.015092547713607019,0.023081205975813646,-0.0016509317629243014,-0.016536657741198724,-0.014323481073006405,0.0009402897594554815,-0.0024057709838416486,0.0001554807440697914,-0.0074464762192292255,-0.005823825112130976,0.013492700676579261,3.5100552850053646e-5,0.02959411574920523,0.0013174716182220436,-0.004461358377511715,-0.023803845162547077,-0.001727512261368247,-0.0008242083654295129,0.048351136255405436,-0.0026509284675739764,0.01786545455433952,-0.005016246600462182,0.013531063202208315,0.0019530004374246346,-0.02479095184662583,-0.0014525349729410664,0.0033105208244705864,-0.018874604425036523,-0.015022186893475009,-0.01043933938308328,0.003520537223721476,-0.005178945410818869,0.10165478516137227,-0.02827305574191996,0.012857291536420234,0.0033527286091157293,0.01633369846149435,0.008816828742510552,-0.009500747511992813,0.0787797983909968,0.01155085951950241,-0.012015567524301218,-0.010995294770509645,-0.021128739241703443,0.0031072334600139584,0.0006078119504309143,0.005241812097665388,0.005667747470852191,0.014980099935200997,-0.004913072759336501,-0.010399042153949267,0.008644953492876084,0.001184694623134419,-0.008727905040814221,0.019752789149151795,0.000637078529507562,-0.06470248006746715,0.017200025464717328,0.007627559294633102,0.07668483582529007,0.006824913022683177,0.015019459999166429,0.012109800320899922,0.006946786244952818,0.00549499388807817,0.02699202013445756,0.024320325612279703,-0.0268617493588863,0.04838609457601706,0.029672764435758836,0.02462255290674875,0.0018982602300638973,-0.00538553190381208,-0.004548582579445792,-0.0077924826242377065,0.026548619429831888,-0.0009166446111521509,-0.0132930303698231,-0.01666476766502001,-0.001850152429597074,0.09952229950431501,-0.014723169839271577,-0.08834230781030783,-0.008201218183785386,-0.003121505534636526,-0.0031883677138466737,0.0018773624187815585,0.004369579547528701,-0.014638295559052494,0.00503909339886377,-0.01546378425155126,-0.0032807029001560295,0.019749583487282507,-2.1323541886886233e-5,0.004027056659651862,0.010545089127390384,-0.00778523332360237,0.0012860145725426264,0.011779182346799644,0.026242697610086907,-0.009223937639035285,0.00985812495287064,-0.004149038023797402,0.002689049966420498,0.004520330882201051,0.005317830789181244,-0.013548887992556047,-0.026583884042338468,-0.06568164860073011,-0.007148364341446722,-0.008475287062537973,-0.008171538113856514,0.0042231379957229365,0.00363308023497666,0.006733338026435831,-0.011134810094517889,-0.017494110032203025,-0.03079268730698459,-0.005426117264505592,0.041056512629893405,-0.005512108694347262,-0.03771190231441324,-0.005281277097083148,0.011052229081542464,0.004167493147178902,-0.01358504750078282,-0.017332400333089026,-0.007779412686431897,-0.0011618508999617916,0.007436108317961043,0.006208142867762945,0.047805765539578715,-0.012768755004344712,0.004397595983846259,0.003362892809946061,0.0028266791568967164,0.00205088909206097,-0.018585700189760246,-0.009462755044978621,0.002829792833836109,-0.13645552855950882,-0.02326283862021228,0.0032185677155212034,-0.008471009604818391,0.009461932617796265,-0.0195116404829605,0.007849609062759555,0.012576595006976277,-0.012698791716502456,0.010427894337226462,-0.01220821516471915,0.0007773622933200386,0.015230448524221174,-0.0011193012242074474,0.024993935227030306,-0.0634955452160284,-0.022220802807680684,0.009294208717619767,-0.0255673125402609,-0.015213768588353105,-0.0026778002957144054,-0.008338104312471728,0.08884142349916146,0.0005276582687656628,0.03423082832341606,-0.007227437195979292,-0.010443061485148064,-0.006563187922438374,-0.017943240097338276,0.006485249271463545,-0.00995441683107856,-0.0012483769623941043,0.002147396347936592,0.001590663639944978,0.0015682366561122763,0.0013977473427075893,0.008894055509699683,-0.003315378957267967,0.0010031473561866733,0.04423895174477366,-0.0014393421251952532,0.015358086696778628,0.007775904634399922,0.014114979729129118,0.013378233631556213,0.0006527386999550799,-0.0029187681702751433,0.016564918701988063,0.0010050782298094418,0.00559600505812341,0.02554499430357282,-0.02099001593342109,-0.00844946726829221,-0.022535410434102232,-0.011643350643680606,-0.005673635114192166,-0.004480905317905126,0.0051326556804269785,-0.0010873126420847257,0.0017104520820794278,0.009942541576549502,-0.010564044643615489,-0.008534056099961163,-0.008986246164852218,0.012312750063472322,0.012153546418630867,-0.0004946042354276869,-0.011614224069560919,-0.01017603397667699,0.007851188040149282,-0.01574029526364029,-0.0031453468586732924,-0.0012308956856941222,-0.00010207520745098009,0.007223573280498385,-0.0006949106391402893,-0.015646465677491506,0.02583999817579752,0.009082465655410488,-0.000961755324283331,-0.00673181871820816,0.020739544744174054,-0.05611720284491639,0.029403466716530602,-0.004990213055862114,0.00044151953125037835,-0.0023648010879924186,0.021349997377910768,0.0034708326011241297,-0.0002137884348485386,0.006761826410638605,-0.011683161210839899,0.0020018943469040096,-0.04435453182668425,0.0033104269723480684,-0.0038492627986670414,-0.0049473995663902315,0.004550631492747925,0.0035101422355978684,-0.013356944307588492,-0.04200439014789481,-0.01311863170030847,-0.001440628330783511,0.0005283207635784493,-0.01648214116721647,-0.002628890335927281,0.002094904149089416,0.0037692543055527494,-0.00024883374499040656,0.005252051353636489,0.05629566083098325,0.006336934894534352,-0.0021150374222997925,-0.0020504681675479475,0.001717248133445537,-0.010357345004763374,-0.007339438870985759,-0.0003370513486515847,0.010304785163498309,-0.0020417366231413325,0.023098347670838848,0.02307695427634826,0.005492851184499159,-0.007869823142300447,0.006699893702659665,-0.002985838618769776,0.007011222780420212,-0.0008329115553351585,0.0013110172485539806,-0.02219996192798135,0.0038045912679081084,0.008643554871014203,-5.0776053171830426e-5,-1.0107789421454072e-5,-0.06320824076897225,0.002669878522453928,0.032426117993964,-0.0038967013442743337,0.025462121061309517,0.012585696883434139,-0.014124032351219284,0.017487768127011805,0.0011027207424376684,0.001969809870388417,-0.017357346164317278,0.0323070076528893,0.0002671048206366322,0.00965409241098314,-0.011094480440988264,0.014315781199002231,0.013987170113068714,0.004197609928723978,-0.004568878011923516,-0.02115853010172941,-0.006019156471438691,-0.009240095718723751,0.0030052465890548774,-0.012337576288700802,0.030284305208169826,-0.03953553051223935,-0.008359501988479678,-0.00453505560699341,0.013332540163901285,-0.006798715864874794,0.003062630940348754,-0.002204165673447278,-0.017140052646482218,0.016598734064245946,0.007096832010347498,0.00401559520875594,-0.014770592712466168,0.012404431819959427,0.0038178687464096583,-0.0026336778901168145,0.01756680354560558,0.00567987625152,-0.017674460797479696,0.001910025741381105,-0.001724272566207219,0.0632156831784414,-0.003400219974537322,-0.009016260148200672,0.0042697333256001,0.007872363421483897,-0.006650683806583402,-0.026705384998649606,-4.1781276163277425e-6,8.05083213051283e-6,-8.017112360647616e-7,4.092553086525175e-8,-3.3739551126288347e-6,-0.0008716467864360311,-3.163923232851751e-7,1.0042508341578937e-5,1.1695341534334602e-5,0.00268242045012812,-4.0856707101966094e-6,1.0023851329185596e-7,-2.111054356102038e-6,2.064011376395891e-8,-0.0013476227272803953,4.780780520352579e-7,5.976340645696965e-7,1.6624513847138256e-8,0.0005741633518709932,-1.80140222312275e-5,-7.379883175562263e-6,-0.001078369319657213,-0.0003629932579940487,-2.298609784567862e-6,-9.184620382995945e-5,0.006705787756345671,-0.00020140345037589213,-4.117668632730442e-6,0.00010104955106271518,-0.0003711758767863671,-0.00017353662565966488,-0.012482194864787743,3.795681744155066e-7,2.682091122530039e-7,-4.9764569929777736e-5,-2.023094998167621e-9,-0.00032428421866370627,0.018804184102918953,0.0001415596937022201,1.7662099638729445e-9,-0.0018390156535019742,-3.372633964882077e-7,0.00420204550937342,0.009316215247963555,-1.7635640205820868e-7,-0.0027321427851347835,8.657878140638786e-5,0.01758329521354085,-1.2448450681379342e-7,-5.5169305887559084e-8,0.028359822808624813,-8.986962440005186e-5,-3.837395595729376e-7,4.931585406175998e-5,-4.0931818500594686e-8,-8.139551405861312e-5,-0.03294727753382176,9.724217460815865e-6,-2.9690056653208785e-6,-0.000563067790970706,1.2021267211531628e-7,-0.049744019384888816,-5.459124987998443e-9,6.221733602207458e-7,3.524862172143983e-7,-7.463253449708357e-9,0.024120604040035687,-1.4698386820166665e-7,-5.393306019452204e-6,0.00035024290897922583,1.3831286810317422e-10,-4.961286995230907e-6,-0.00014112651624298422,8.543351185608117e-5,-6.522430950894886e-6,3.115316961344039e-7,3.8062014105083586e-7,2.0176515082293012e-7,9.754880192502924e-7,1.3609757313903792e-6,-0.00016310802416796832,-1.3084014227615626e-5,-1.1374646108341935e-6,-0.00038460779057913896,-0.00036576463721260666,2.210652846557082e-6,2.3137912502635416e-7,-4.578975013380671e-6,-0.0005383170585844255,0.005304991263528791,1.7026621077498305e-6,1.2091962946561563e-8,-4.477166296812385e-6,-1.3609314313267618e-6,-2.301088118894512e-5,-5.023527438652309e-5,-0.001982901343978938,-0.0027511973490845776,-0.0013438902240068273,1.9843145475650914e-6,0.00036660830789969623,-6.582896367390845e-5,4.511716976018931e-6,-0.08583554417418782,2.0396528468795416e-8,-9.311087154628694e-6,6.710271580612215e-7,-0.00849449571887817,-0.00017715766301051872,6.840076107461623e-7,-1.1663576262588293e-6,0.0010524275808450057,-2.5909709988614082e-8,-0.06511380287702195,0.00020285476890080645,3.0806205271183273e-6,7.904481414029718e-9,1.3915857773397211e-8,-2.0339208142705623e-7,3.680383573421986e-9,0.00038190743433608176,1.2104497665310632e-7,0.055837658896052744,7.289255295715724e-9,1.2188182928696278e-5,-1.3990261202856402e-6,1.2095046621141137e-5,7.218594502145237e-7,0.0034771135633491213,0.00012040077690045337,0.00044259034393689944,0.0006023692114354162,4.685771354573376e-5,-2.1276469137215814e-7,-0.0014954102680349024,1.1998323153593338e-8,-9.109834586684684e-8,2.7268317950301935e-6,0.019791983351751696,1.5047164061629537e-8,0.0034463321594557783,6.233547628076153e-8,-4.7287865477585456e-5,-0.010306470325303962,7.93953548949844e-5,-0.0008743605324070813,-0.0013587935810619456,-1.5023461734375854e-7,-0.030216860571272264,-0.0036754253267190506,4.7067901142838764e-5,-5.387637880360785e-5,2.876993488243329e-5,-1.5342193460110565e-7,-0.00045177966450182794,4.44694099499543e-6,-6.008654174802057e-10,0.018531721278350233,9.255389582518703e-8,3.501168812647393e-7,1.4761254098932287e-9,-9.365512713133128e-7,0.025735008515766822,6.448932892055836e-5,6.262254270872347e-5,-1.9486895347364808e-8,-7.195270146143073e-5,3.093249131003173e-7,0.0005748443995123864,-1.3443777082233765e-5,-2.8014487270411337e-5,-0.011941535738515086,6.582568195057092e-5,0.0013332138641999336,7.151986134346089e-5,-4.8866443329131926e-5,3.747542804188875e-5,-0.0011508186748869775,4.1742943267308874e-5,1.9657267564476832e-5,0.0018240832457649958,0.0010870304972740996,-1.8851735522022045e-9,-0.016746337900258368,-5.590197842408884e-7,-0.0037864771293243393,3.2427378379717986e-7,2.556157611410814e-7,-2.7844101428087242e-5,-7.010441592236738e-7,3.1797407773481723e-7,9.636461238138327e-7,-0.029309806453966303,-0.00010481757790614665,-3.560477839670284e-6,6.381303772684532e-5,9.620837113288871e-5,1.3582205822260107e-5,1.3447982402658987e-7,5.5133359558312556e-8,-0.08844748864794383,-0.0005395451785332739,2.6026398009838803e-8,-1.792648005993075e-8,-6.966509397132725e-9,5.787618524710769e-7,1.819054715745949e-7,-0.0001414245471380582,-2.9253573115894937e-5,0.00024170575807147543,3.5336379987427335e-5,-2.6946890863133177e-7,0.04349104379025448,-7.04019626596164e-6,-0.01894001353355179,-7.814547904771985e-6,-5.041799621574583e-6,0.0009848945041994739,0.0001953008479631535,2.208219517241261e-7,0.021672600603778847,-2.0988526163723265e-6,0.0056095298768923385,0.0021003429565098486,-4.0374386912844784e-5,-2.710981319709038e-7,-3.927420355864797e-5,-0.0007982787922458101,-4.769388467495972e-9,-5.208288357452101e-9,-0.0008932054676620282,-3.5402310735732634e-9,-7.341376862868287e-5,2.7901407532837652e-5,-3.0227301030194553e-5,1.0486550797161875e-7,-6.356421933945144e-10,-0.0006976342799589474,3.9597023236692674e-8,-2.6145366414410953e-9,-0.017820841483626282,-0.004820650303997809,-3.7119828072418315e-8,-0.008589758494053967,-5.373405369095419e-9,-5.847631788513663e-8,-2.357421945475835e-5,-3.478781650523288e-7,4.7938971015071274e-6,3.039523565462332e-5,6.490409554527066e-7,-0.002563201697284967,-6.553950493426441e-8,1.005953908709802e-7,-1.9734837387375137e-5,3.1931229965698193e-7,-1.8689890375362533e-9,-1.1111530056950869e-5,-1.505877957108659e-6,-0.0004989809524147404,-2.7827320607798356e-6,-0.14375676611962263,-0.0028432065064407652,4.064777412663562e-9,0.0001094283314984068,-3.84614220368118e-8,2.087857000176996e-6,3.101421381046521e-5,-0.0005307068163373785,-2.254554897374722e-9,0.0010444056316032402,1.5416646597375336e-5,-0.0004210633433814337,-5.535995799971216e-8,7.435026142064288e-9,-0.002234014950772689,2.9367622916831593e-10,-0.0005077323649516075,0.007200681642643758,1.5147900016138083e-5,1.1587972907622923e-9,-1.1431755488011675e-5,-1.7088117771919126e-9,-0.0004510434509938932,6.968199015133791e-6,-7.576063392258914e-8,-0.0010753520192565702,-0.0017605885570333157,-0.1438918539934093,-1.68451709581241e-6,-2.118528355958549e-6,-0.0001350165180156182,-1.2202098433056197e-7,-0.0226510586327322,0.002247987617010949,-8.135560738153913e-5,0.0002660985950058148,3.068513694439584e-9,-0.0028235957778406373,2.528542041003133e-9,-0.012780235269019613,-0.00012819516474849024,4.689590977265817e-9,0.00015465518791302202,1.3531532680133296e-5,-0.002623789599738302,1.670404430331729e-6,5.8888334173445855e-6,0.02368000523210867,-0.006346687076074886,0.0018045665952968193,-9.843790582664269e-5,2.1809334772165956e-9,4.3368102953245113e-7,-0.0008481068973082984,6.880608435788638e-8,2.399497057753615e-10,3.661863395798548e-5,-9.97957686976747e-6,5.589589426036046e-8,1.0549222589695262e-5,-0.00010655436680195862,6.474245443140875e-10,-2.9276677846468147e-6,2.5646780024146665e-6,4.379027839992999e-9,-2.8891555086535403e-7,4.361799961216661e-6,-2.1145322395832444e-8,-0.0010753248248533964,1.654910963289069e-5,-1.0206722876660024e-5,-0.0002003715508607229,1.2522636712031243e-6,-0.0001520574584219503,-1.2488700404378328e-7,1.1018735066592455e-6,1.0763533611624077e-7,0.0007194681180067164,-0.007340877904283616,-1.3053244082850135e-8,-4.986602768486392e-7,1.7019247019689487e-5,2.1996854002281907e-5,-4.59906266270238e-6,-7.63762182600658e-5,0.10443456653410976,-0.00011433506381308689,0.035006929419978405,-1.6265870848020114e-6,3.8303404710227085e-6,-0.005183902541830321,-4.039268036715171e-8,-0.010358009333685914,1.5678612093061872e-6,-0.00843285555129114,-0.000466412036530528,-0.00010930926525531959,-0.0023389475611566013,-5.586571316662514e-9,5.825959235039591e-7,-0.009813094015783008,3.722441806117138e-7,6.790123287855193e-10,4.300735277889406e-9,2.3185898538002903e-5,-2.2240142630636228e-5,-1.234304917996365e-6,-0.004517650955222052,1.5499086142845009e-6,-0.0008606661767771584,0.005652502962902872,-0.006450331618225391,-3.593948406432901e-5,-0.033187337867275346,5.550910866247705e-5,9.492249038872691e-9,-1.946465824187449e-6,-0.08239626529939414,2.2904805215828716e-6,1.2171279087022646e-8,8.24226075438932e-11,-1.3468740478472796e-6,0.01498636344786064,1.5137813214938234e-5,-6.762221671560015e-7,0.001445106972113308,-1.7734552473669396e-5,-7.444442120946304e-7,0.0033952542198676383,-0.00471767530575562,-1.96905372824574e-5,9.82910152487193e-5,0.0309816524118105,4.076961187138295e-5,-1.5833160513928357e-7,-3.833499627936207e-8,1.3537446986733315e-6,-7.424161234581561e-5,-1.3766756905286837e-7,0.0011472664002667443,-4.907378109431093e-8,2.330278072726344e-7,0.12560132466296636,-0.005380048406152582,-0.003220599971257343,-0.001941205056027684,-3.7119583051747895e-7,9.75979287298756e-6,6.207025373961006e-7,5.493868184380801e-6,6.566042925412741e-7,1.057335493187539e-7,-0.0014059481569859145,8.815185039562357e-8,8.304771421333706e-11,5.024759715532845e-7,9.61729704235248e-7,3.479158592126219e-8,8.5547510160211e-6,-1.0249004200879597e-8,-3.668692286851183e-5,3.297813870872801e-7,0.0006797753649152583,8.471980270652324e-6,-1.827105582663524e-7,-3.3759075255268556e-6,7.812244587057648e-5,-4.4837779175632697e-7,1.7782578010799854e-8,0.025595425203391642,-1.288618720843987e-9,2.8383933948106232e-5,-0.00019109867674416137,-2.4953911124947492e-9,-2.9649253425745314e-5,9.576757974139039e-8,-0.0033433727621741127,-7.176889805227127e-7,-7.707570381709772e-6,-0.000221431284018081,1.9076824198549502e-5,2.8155622786130152e-5,-0.0007907156810631477,1.7198594173817305e-8,-1.583024816453893e-6,-0.00010081790901494969,-5.0951038616631195e-5,9.179073633992785e-10,-1.2991915058213621e-6,2.6033716136325546e-7,-0.00745199580796907,-0.0007307761087531617,7.949398637182442e-10,6.88849445182882e-5,1.8748264309642604e-6,-2.065648963545108e-7,-0.00023437836928508204,-1.604341085226224e-5,1.4914389703107878e-7,0.1141421765191808,-0.0001840001455342133,-5.861460004863428e-8,9.713448217204407e-9,-0.22677488376666588,-0.0013011989786377853,2.8534975506609717e-9,1.187749682426964e-7,-1.2398654698486666e-6,-2.734298795714629e-7,-0.0016585525279424473,0.001098424170436374,-3.3413302446660964e-5,0.0005998114224610163,2.907934213954369e-9,0.0012454279521207923,0.018555867260147352,1.4102441349417294e-7,1.5225640540017515e-10,0.044439033872095024,-0.003478418284430518,-0.004441216222858202,0.00012163401532916396,3.47983144095565e-5,-8.770651273824759e-9,-3.497038986999268e-7,4.303558949914077e-5,-0.001860155514265216,1.6902238568761163e-6,-6.942775178653271e-7,-0.02548168423527386,4.300966879311474e-7,-5.149396964040931e-8,8.657654829435923e-6,-3.941390080530738e-6,-0.00020015022300867713,-9.89650844607226e-9,-9.733406957934676e-5,1.1734690562592576e-6,-0.0006032499856445384,0.031628132333935355,-0.00022780772530950344,-3.9593756884226394e-7,0.0037499072413993417,-7.885205980784349e-5,-0.19000910260001547,-0.00045449034172406755,0.00568745004829907,-0.000139433632838859,2.9427887235922157e-6,0.0009362200189571013,2.3525418241243656e-7,-1.3604508329601028e-7,-1.2908257436029802e-9,-1.091422655030705e-6,-2.68181000517842e-7,4.3654216991262373e-8,-1.7321149023419302e-7,0.00996215509189824,-3.447915243359745e-5,9.128747399320125e-8,5.133260998560485e-8,0.008512812925573598,0.0005237671239797237,-2.2953823091143022e-5,3.0761845293270085e-8,-7.370792642902302e-6,-9.409173756935729e-5,-0.03364038673680625,-0.003116984187727212,-0.0011114304190869007,-0.0005960448936406237,4.966372370860186e-10,0.0010313467527964804,3.8015027086224507e-6,-0.0001967558707178796,3.206654845058776e-7,-0.0076505453944264445,-0.0011958491186589981,-3.863597076991798e-8,5.432733530597034e-5,0.00027734239552046347,-0.0023433772134922037,4.328512549278685e-6,-0.00036325011407711827,7.581978671211687e-5,-0.0005082866751990878,-0.00028719032667634536,-0.00010540303262374096,4.7917803624314415e-8,2.0201093274552218e-7,-6.844159132768368e-7,-5.0240401054946204e-6,2.084325822805655e-7,-1.3336535047869802e-5,5.583827760169413e-7,0.014929776123608463,2.0400357691463533e-6,2.0968615076916164e-8,0.0006034924610958114,1.4923209083403388e-8,-3.733002895911497e-5,0.00010709609258086061,0.00021354861238620515,0.0018190923761949307,2.711046841952225e-5,4.676707713979766e-6,2.405423518503369e-5,3.128600742363652e-7,4.851068157663008e-5,-0.0024326465095327876,-0.03363803023239598,0.00011424823031802589,-8.306282043093766e-9,0.012282719777431339,-0.00027797187045308647,-0.002678366428881418,5.056379347775225e-9,-1.5401107038570672e-6,-0.0001578934536610177,-0.00017094236600811996,1.8963995277454515e-6,1.2661760409038436e-6,0.00019834022738507429,0.02626839603544795,-3.407679530775809e-7,0.0026872604685195256,6.6798269753309825e-6,-4.70616550085623e-6,6.687624206584003e-10,0.002080171837576472,1.5013141924091755e-8,3.0094623235665807e-6,0.012967335951543646,-3.155545358879408e-5,6.458528729780255e-5,-0.00018758083359671218,-0.021475149773095836,9.652159177186981e-5,1.7381896779689043e-5,5.151529596791882e-7,-4.367347094635932e-6,1.1782246521745837e-10,3.2560962429789564e-8,-4.3463424844958354e-5,1.4081105786267756e-5,0.0002453726128806011,-8.803450490812992e-8,1.2769283404878706e-5,-0.0007155902999329555,-7.598876367609364e-5,0.0632904275371402,-5.357475126288591e-5,-1.7436856547536905e-6,-0.00024264349570302102,0.00011129495661066358,-2.8334585187472783e-5,-0.005053939372601235,-0.00011452834194258799,0.05555617721984163,-1.7581813904765653e-7,8.410164723526847e-7,-1.5527416925564808e-5,1.251119506662235e-6,-2.450982924395717e-7,3.339330297613685e-6,-0.0002720031576863846,-1.1147833842706234e-5,-0.00012160487483470206,2.998620804106622e-6,-7.862056912166793e-7,-0.0016861138076365023,-3.942305726312156e-6,8.207472623755763e-7,-0.010781712921016151,2.058005697523277e-6,-1.1552564661843068e-8,4.194355809339356e-7,0.0010791093124922213,7.332116496172603e-5,-2.8278523705793646e-5,2.214758123675331e-6,-5.667710573642459e-7,-0.00018013192425314628,1.0494520452652978e-7,-0.03215048013589694,-9.657831028658803e-8,-0.004170370546489721,-5.121649815809093e-6,-5.393015565502424e-5,4.3970438156400865e-9,-0.005311283584433113,-7.282224830973405e-5,-0.0014346494779147179,-1.5889805398544565e-8,-0.02766732222335122,-4.098045706946163e-8,-0.006955968537113222,-0.01858379919667641,-0.00018852545875525095,2.2010747358081062e-7,4.0764040875468366e-9,1.77368211125295e-7,-1.6011230747903227e-6,9.274186857766153e-5,1.2220311509381077e-5,0.01770344169017335,-7.257306311458933e-9,6.996261842573404e-5,-0.0009034774321889927,-0.0002157468753836156,4.888171469819014e-6,-0.012606240634340793,-6.625678003047142e-5,5.919337744586528e-5,0.00010461519674720421,-4.250351418377818e-6,0.05065827475118567,2.4868422310135585e-8,-0.004592902134902488,-7.430808349750961e-7,-6.823482527271163e-9,3.98964098650284e-9,2.7487985936915094e-8,0.0005095898650324671,1.3405446116707131e-7,0.05138660450211319,0.00490202735454659,-0.012097034355974756,0.00014329691191505844,1.3576651884505964e-5,-3.1080743827516244e-6,-0.010281359191139927,-4.068418745228897e-6,4.8023415786246915e-5,-6.090002919040272e-7,-0.00041693169737300195,-6.674865695632803e-5,0.00015696694553923862,9.846571435900842e-5,5.621164416713675e-7,-0.024706442830392916,-5.8319473217327555e-6,-1.1058017279630405e-7,-0.0006821733672950359,5.197388117750279e-5,7.177665525132104e-8,-4.965699262116097e-6,2.443504935516552e-7,3.459709949638068e-6,-1.0696500633844419e-7,4.3888963467964004e-5,7.881675543330857e-6,0.00019211518889505896,1.461514095579819e-7,-4.83530188155612e-6,3.5478235300701044e-5,1.1019024439423708e-8,0.0011131804769775044,0.004863895676521679,1.9167646701845342e-5,-0.0005508728216909731,-8.560515233790866e-6,1.9548297706950546e-7,-0.00013179519980788257,2.2384950179699104e-5,3.0478637539146924e-10,-1.3765285416411643e-5,-1.1522948115683107e-5,-5.6868999440129464e-8,1.177830878402314e-9,0.00010208993377602837,0.0003805280866799876,-1.7084398340472262e-7,-0.006375858392630107,-0.0007093896209653394,-0.03614029095024307,-1.7529229703328042e-6,6.047516128404595e-5,-8.930879747737208e-6,-7.413656369359423e-9,-0.002014525263596134,2.0260838000819154e-9,-0.00020940406545832957,-1.953683038102838e-5,-1.6897137933638562e-9,0.0011231905713771084,8.545536396553643e-5,0.0015980600048806082,0.03872112098906655,-5.96772317396077e-8,-9.835665013696593e-8,-1.0659688287227229e-9,1.2851552267864608e-7,-0.00039552236700046706,-2.0231933287817583e-5,-0.000221219321758781,-5.729210261051776e-5,-2.018301571382608e-5,-1.6962321858216e-5,1.2524809169835172e-8,7.863415673270424e-6,-6.768406552026818e-5,5.616701196642371e-7,-1.860730012026579e-5,-1.710124807630109e-5,0.011356557542967494,-1.2073786470612191e-8,-0.00010284007089467195,-0.013315341640918632,-0.0002843829407552789,2.3392632234053856e-8,0.02022538937853824,-4.784323531237256e-7,0.003694144436849456,2.242481902535627e-9,6.049924698103837e-6,-3.349785361450586e-5,2.4661608186704598e-6,0.0018314450674097316,3.4585777907381043e-5,0.004972123174411536,-6.775152793826733e-9,-0.0017467721172579331,-7.6224012879322345e-6,-1.774627409467655e-7,1.5093937079761754e-6,-0.00016997011919883676,7.587904104866539e-5,-8.142525262400113e-5,-0.0002467439763336188,-8.612218223458257e-6,-0.0006596754890324519,5.996104118821677e-5,-3.9909970156459806e-7,1.918417158375263e-5,0.0016429241632067715,-0.0007326332283810189,-0.03962060087178543,-0.00013215531559040983,9.615423969044912e-6,1.809350788306574e-5,-0.003088406427650625,-1.4153335857081117e-5,6.815920612979198e-5,-1.494620702757743e-5,1.6573651537565848e-6,0.002782611349630315,0.0021543567465869273,-1.300091431621908e-6,3.067524076999506e-6,1.57644536903645e-7,-3.7335015625750145e-6,5.2776975060453424e-5,-2.5582799059731265e-8,3.8468197317342856e-5,-0.0001241076003850594,-1.0190910257001917e-5,-1.623016718799164e-7,0.005442327419814319,5.653893755627228e-10,8.59242515502956e-5,0.00027153486954034634,-8.916086572108295e-7,-0.0003824890415558002,-1.5732264903034476e-6,0.00010004480275682681,0.0007489396207347454,-0.15540724205357037,-0.0003460043154603909,3.379008483506141e-5,0.00044846891267980027,1.3663856380574657e-5,-5.100377785116628e-7,0.02595379552928989,3.23973436862357e-8,0.0016360082452138158,-0.0002518896177043928,-0.036359732002893,-0.000163439510586727,-0.0011713798984658297,-9.190040600515204e-6,-0.00030506027491128407,0.010920568583969725,0.0002037932956682198,-0.0006306861889697757,-0.0007988007417907284,-1.06734003018083e-5,0.0013483180068760703,-5.671318931810276e-6,7.260717256596383e-9,-0.00040682292854654634,3.8353193404505603e-7,-0.00010551744819409237,-2.6973782922823375e-6,-1.530015389557271e-9,-0.0004389957017139068,3.3435122652747395e-6,3.897340465464083e-6,-0.00024320417907119918,-2.7338696216183678e-5,-4.958926762732574e-5,0.0004858141918475667,1.36447731444167e-6,1.8303649175488435e-7,1.7017501103833155e-5,0.0024916994429986516,0.0001266189950683838,-0.00016599869397282419,9.31518766780215e-5,-1.8792757940921945e-6,-9.3734222575588e-10,6.224596083237444e-6,1.9080381746805486e-8,-3.815704980425494e-6,1.9802519692774245e-7,-0.009486700954312255,0.0003101581174007606,-0.0009224555373066323,-0.000852685676704823,7.924777004758576e-8,0.00031006379612108503,-1.3323112497964917e-7,4.4662035788428645e-9,1.6779628123769763e-7,-1.54427052052597e-5,-1.0161108593420565e-8,-4.064422784791355e-8,1.8495317641864517e-5,-1.5302757043755832e-6,0.012382050060296024,-2.658674928268656e-7,-1.3852314939555299e-5,-5.690087672149957e-7,0.00032147794786396844,-2.3342438616735794e-7,8.368620197529708e-5,-1.9984213381341043e-7,1.0021430805963634e-9,-9.485400631614738e-8,0.03942921038833447,1.0626331521379484e-6,-0.009986071636376437,-1.6726586660187337e-7,-0.00032512601671896846,-8.154126770737317e-11,0.008072809327131836,-0.0003920463845759059,-8.681935629084592e-5,1.9028765377640533e-8,3.5785300273386e-8,1.303402121476116e-8,-8.693921090241474e-5,0.00012383626172152162,7.414777442038556e-7,0.0002101454060721153,-0.0013173241179202932,0.00018135673553310028,-1.5495169535251208e-6,-1.1479474537168244e-5,8.561865038614336e-7,7.271094636607245e-6,0.0003608670388075552,-0.0018349537276662886,-0.022825597457057256,-3.4663258374756367e-10,1.9773727425419219e-10,8.20064854467617e-7,-3.417590017695815e-5,0.006996724669079413,-1.3093106349115757e-7,-0.005136483275691717,-9.373715764704471e-7,-0.00011601977847419676,-9.54829082733255e-6,-1.3980047119943606e-8,1.0651385401461155e-7,-0.00743699075155746,0.00020749072972137128,-1.4808704176111354e-8,-0.0012045475175455067,-5.50232488377711e-7,1.3883924086799393e-8,-6.0776113642191376e-5,-1.0137172417137331e-9,-0.00020711392039629573,-1.7083380310367602e-6,-1.2493707193805825e-8,2.2790263869143512e-7,2.146726541408378e-8,-0.00018020390396600305,-1.1650198928903066e-6,-0.027947962941993865,2.114685869258892e-5,-2.0613929507806716e-8,0.02781074574795639,8.344147028793714e-5,2.8420450437494083e-9,-1.716807805252074e-6,-2.5705566993137335e-8,-5.6883217580683265e-9,-0.012791316430593724,-0.008511470885423478,-0.00015938388115444013,2.425562290408155e-9,0.008721053432964254,-0.005260152495793591,-1.7894006925072564e-10,-5.4876084846000595e-5,7.279850493258078e-9,-6.769813031557229e-10,7.391819765723007e-7,-1.5548000880105661e-6,-2.0888050284995074e-6,7.337584587846502e-8,0.00026512662941513554,-6.19696072590159e-5,-5.111533315973332e-9,-1.662767374066565e-6,0.0015518697088836575,1.5128643321773994e-7,0.00018106866639300279,-1.1441239049503338e-5,2.874151656584445e-5,-0.0039382455248642145,-1.2419208751668354e-8,-9.237348145840762e-7,-0.0001619816336386748,-0.024295625400554854,4.554126538033887e-8,-0.12277394414195442,-1.5422270811527028e-6,2.059475857421611e-7,-4.444387118052173e-8,-0.008866634448168043,-1.5315027046547414e-6,1.0140824436177809e-5,-1.7516339493456323e-8,-1.5837980114952188e-5,0.00427470991780865,-1.497182440912681e-6,-1.7019654789673933e-7,-5.937096453578761e-6,3.256669003803836e-6,-1.497907647696195e-6,3.594438767695607e-5,8.169981435129925e-8,0.05665279636559717,-0.0004818975202169895,-0.0021094553849252407,-1.6471337575124645e-10,4.424087394358511e-6,1.2036784349245266e-6,2.3360008083450623e-6,4.041131371479434e-7,-2.1575130623036065e-8,-0.0004486109709205266,-2.1551133577366044e-8,-4.6478114867909426e-5,0.00011274828256091496,0.0008029151433674997,2.608275240199853e-7,3.811703638234576e-5,0.12975849889335223,6.1471297264859e-5,-3.3375736393365107e-9,0.044642537699473905,1.716599874512781e-5,-1.2616604563309153e-6,2.343157598172496e-6,-0.00024227817249311556,5.517421791667587e-8,-4.645219430443603e-6,0.0010473022068708815,1.8175300831209384e-8,1.7667743013038972e-7,-1.0114965764973505e-7,1.4071979775875931e-8,0.16930550011602463,-1.120094295092855e-11,2.998166120371515e-7,-3.717533399516526e-5,1.4312803536142837e-5,-2.7816298253657834e-7,-1.3348709778426837e-5,-0.00010174374802573993,0.03221028891948663,-7.255512880083304e-8,2.6413257697352477e-8,-5.50226131394993e-5,2.6814025873220237e-6,-3.841116881897477e-6,2.1864585206254894e-7,-6.796535125495884e-9,-4.0026192471565025e-8,0.042923326022901165,0.017201055184159486,-1.438990929791828e-5,1.3602205015672553e-5,0.00036943120210253255,-2.1223139231273114e-9,-0.04569069099306944,-6.135011930974432e-7,1.015137727766735e-5,-0.0003720513536578096,-0.0001453230259613747,-3.192527350259766e-7,-0.004635790638531034,-4.3790370413132607e-7,3.050427517081733e-6,6.58507382524931e-5,-0.006736989824275952,1.511825294508995e-6,0.008752488765821909,-2.939176957234002e-7,-0.003565554371846247,-0.0003845061923755111,0.02159417601342284,-0.001201344742639776,4.556346298034697e-7,2.885476004896195e-8,-0.003986687352709017,1.8727499279114213e-7,2.9897873957906995e-5,0.006828920967109298,-0.0018671891754422631,4.761550764439959e-8,-0.004494721483752073,4.161772343847653e-9,-3.553089246224883e-7,-0.0006932806327313301,-6.006923463752756e-6,-2.85833152625925e-7,-0.004925086528601241,0.21785413142652033,1.309893193113254e-5,-8.6677603777785e-7,-9.046202773532741e-7,-1.0111081617525386e-6,-0.003934729775664891,8.51945105573293e-8,2.0769531539066577e-6,3.1126322395991224e-5,-9.966400749128468e-7,-0.00029820645931977197,-3.870017155094274e-5,-2.996747293870783e-6,-1.0088283668770875e-7,-6.2811419621056075e-6,1.2220362916037786e-10,0.001441205231458298,-6.264601756011956e-6,5.225937623754007e-7,6.208796602180655e-5,0.00017042260793687092,-1.942734848636718e-5,-0.001832791115703003,5.140547747056745e-7,-0.0006271868181215723,4.050941379285522e-7,-8.244098493870311e-7,-0.00018096906543974,3.3838674111581236e-9,9.817913039500414e-8,-8.3894357132408e-6,1.5637667343804118e-6,-0.03973162309193867,-2.0242071302689624e-5,1.3793337497070013e-5,-0.06154261238225445,5.056460409234853e-9,9.808600431870929e-9,0.01421180339559669,-8.942422629054647e-7,0.07575112144149898,-6.29642225931093e-5,-0.009256051569536794,-0.00037126146484567357,1.3899060546940234e-5,0.013930190059909364,1.8940908495856945e-5,-0.005667603503013652,-1.656046481335327e-7,0.00037380999549441185,0.00015847977362515309,-8.935180357411143e-6,0.009621116939829477,0.001338091538855224,3.3499617604210163e-8,4.726614033501164e-6,2.573582104758998e-6,1.19208039173202e-6,3.799157420880661e-6,-9.820750298317193e-6,3.3627804142954965e-6,0.00023262857735062425,0.028350802502245642,-4.724116746457341e-6,0.010171507434279192,4.3165518048837725e-7,-0.001436858539818786,-9.380175333717489e-5,-7.039167296829518e-7,-7.912931986098215e-6,-0.06187825156666804,0.01153043529484421,-2.5702887596068535e-5,6.032027824627584e-8,1.107324469629134e-5,-8.826927111238447e-6,3.72052848075094e-7,-7.233042708776338e-5,-0.0001409276505910384,9.259907783665255e-6,6.124275839236581e-8,4.681516019644505e-5,-2.9754774342194423e-6,5.533237576182959e-7,-0.0009039883739205834,3.3275078763495e-5,4.841224729323912e-6,3.069427228474808e-5,6.608707824135528e-9,-7.137046069161102e-5,9.471350360890085e-6,-7.261432409810809e-5,3.417739777716866e-7,-0.0028919041924382327,2.603120112798507e-7,-0.006068971568311099,0.0004690771040714026,-4.1198960984423216e-7,-4.612835556236372e-9,-1.106625658664484e-6,-0.00023052501379083878,-1.797257059982238e-7,1.169352858466921e-8,1.632242147296464e-9,7.62557930356067e-7,-8.298625702451989e-7,3.2562411850456385e-5,0.002540791789215291,0.003927713368284458,-3.61165335558411e-5,-0.0003276446996096638,-1.3472311013451588e-6,2.347160368565415e-6,-0.00734110899247753,2.0117133989749902e-6,3.174810027831154e-6,-2.7475881935856705e-5,3.740555310827176e-6,-4.828132416437314e-10,0.03930688495893264,-0.006604068426895537,-0.0004871981600444997,2.8481281250103407e-8,-0.0006510874107732434,8.484274317765994e-6,-0.0005617639316710665,4.522804889113552e-8,-5.350106774271168e-8,7.070934470654322e-5,7.830604033642885e-5,2.0380398426667057e-5,0.00023933423472044524,8.989858394414796e-5,0.013755841297097504,-3.760463806665171e-8,-0.00010315329194643397,0.00025695538124637096,-3.940058512619249e-6,5.650735426243614e-7,0.056182077154517174,0.05689285497646779,7.408535381614456e-6,1.110607369625427e-5,8.765234463803395e-7,9.670457452592984e-6,6.233431392235755e-8,8.126562419524808e-9,1.2312128426505975e-7,5.465258663406303e-6,-2.1627974678556372e-8,7.102172840112164e-8,1.4430962172462536e-6,1.559218427928024e-9,0.00015016145758295352,-7.581760040586971e-5,3.020258671172435e-7,0.0001267690883537398,0.0004230051999911666,-4.2847617018337836e-7,-0.0060677224028040655,1.7260895383841568e-7,-0.007246602077429998,-0.0044270845969549555,0.00842381293841754,4.04682174561799e-5,-3.783922572775378e-7,5.651158888064778e-9,-3.4949767495628947e-6,4.8619156631235505e-8,3.1227334913318423e-11,-2.133718283829633e-8,0.0001294701405640808,-0.0019279290427220985,3.536415084814948e-5,0.004397194628836587,-0.0005651596583220453,1.4026708753667183e-6,-0.000478486934305522,0.0008039768076741893,-4.846930497931501e-8,-8.994921915306264e-6,1.4902293073593836e-9,2.044324348866866e-8,0.00040381121300470113,0.00014114653703245494,1.0166163185942878e-5,-2.108316391261078e-8,-0.00021265765711575568,0.00492979446426034
-0.03215203075524187,-0.005344539672933024,-0.007082163172356104,0.006570110661641593,0.010611420037093922,0.0077000375031275325,-0.007422110727929976,-0.021641656813471855,-0.0018474368580427836,-0.01557316202831771,0.014842361017144867,-0.0013163637352135993,-0.005661480600792856,-0.015889175765551045,-0.010018521529673308,0.012482282150813262,-0.003907865477231098,0.0010740203724708408,-0.011355036487373127,0.005403807144375605,0.016326517429433807,-0.0007595919314553612,0.01917737200119518,-0.0032848104510776466,0.01634779600226466,0.047322509394689405,0.010583189630551715,0.009287617873155796,-0.024500110400708763,0.010152854344596562,-0.002097903282447078,0.0008481323689011333,-0.009576666377142828,-0.01206480647852004,0.017580948400336638,-0.0026807943831954617,0.005115111584728993,-0.025148582889414683,-0.006712936603599395,-0.0008691565178651217,0.04572608860780747,-0.10041676750961415,-0.007363061020441819,-0.010577854060215941,-0.028179658632097926,0.000697231010235555,-0.018178817451826035,-0.06635453511535161,-0.007837271101379883,-0.008375981493827567,0.004819954576305463,0.0296076008471573,-0.02171196342442272,0.017814888089560554,0.01120421948371586,0.00418138605709828,0.052217721350871216,0.01738637048038072,-0.01994578095491306,0.028094139382801586,-0.041159266499562364,-2.880875172195374e-5,0.00807472511951346,0.01509295264247612,-0.002990334177212617,-0.24123880662955344,0.12176411234395346,-0.002343156021879622,0.05426361668105528,0.02504322125366798,-0.01299422294505348,-0.0011246000076425844,0.052777099665036076,0.0009202784485751181,-0.05096869916997093,-0.0013999573852743197,0.019806140202490496,-0.018044300005385594,-0.0006190716658238671,0.016657026837492594,0.00412580344664093,0.00014761235752303037,-0.009978314571526425,0.001542032090583234,0.006578052398822365,0.0044662480520401004,0.00277689660060787,-0.0011500586045940508,-0.008961842488474758,0.005111202411171689,0.00047704057942610234,0.004273849930086726,-0.006663707646566763,0.01067305128526641,-0.004030660972603073,0.027522435608716478,0.013077160880015981,0.18100932594006736,0.24863026019011158,-0.00104020704100094,-0.015432058881742705,-0.0033942254149224027,-0.007360932839674206,-0.016343053454420442,0.004558901907330437,-0.007951134277163874,-0.01596373587653943,-0.0001894089873530902,-0.01406543643133773,0.0029916061134827032,-0.03318406792686801,-0.10850812998455694,0.005160516355431355,0.00948631062141203,-0.0026262622365038624,0.016178123551981116,0.0011542072813881532,-0.007181609304552694,-0.0017215891543855832,0.031567438755701005,-0.00038771453000663314,0.0015707093284618168,-0.0012326820633461466,0.0004878465599631454,0.0054170376342881355,0.02003768036411202,-0.01613587440692754,0.0388284392922742,-0.12231731432711967,0.017728331542457454,0.0004846260926569812,0.01571430437707022,-0.017177316522520414,-0.004167239091543706,-0.010214873117831758,-0.004068212365382351,-0.028436987831810256,-0.001280462577256003,0.014209808652594802,0.015712289080966002,0.012754093420880963,0.033825383169755696,-0.005186693477298832,-0.021113739048360003,-0.014752342817700992,0.004931390011279291,0.0384445359898109,-0.024357147096793597,-0.011179202299899771,-0.00037263238345985883,0.004137626666761207,0.003490985527605517,0.01622688747193024,0.01767245470045964,0.0006701234619868046,-0.00025798518254305236,-0.027254102066763153,-0.001025800539082411,-0.005426260674312289,-0.01375913917854632,0.10806746705748083,0.10931739711759292,0.004367286877368315,-0.0775547126784204,-0.006765714148968982,-0.009469690385799368,0.001341694658549386,-0.00844086030338076,0.013173677813711038,0.009746693542183493,0.011406643008740502,-0.004283243231839151,0.013855929562851088,0.0006623694166592031,0.0023138795240811305,0.005516054414783866,-0.008355072906852001,-0.007363259198427841,0.003317564764074632,0.019190451164149636,0.008764527316998283,0.006308510165581538,0.002275167588777549,0.06072228014454595,0.004430649064033787,0.006710396160997334,0.021432618193557573,0.0010972955223564895,-0.015683600508964446,-0.007033769675217627,-0.020690102523076348,0.008045601742196595,-0.01830232069187332,-0.025936238058648087,-0.00014466497015064306,-0.014229408461687854,-3.445880065555684e-5,0.16980361726518822,-0.0005002798798159347,-0.010387736338088871,0.007579460885096978,-0.0011943327258450154,-0.007349735315074213,-0.055728318760884576,0.20511320911145958,0.007497625602354674,0.040303921234226436,-0.04568507004023559,0.021326168498490006,-0.005627842974718078,-0.0035287214036543446,-0.0019303284479974536,0.008363879904408122,0.011058203582251735,-0.012836945623234897,0.016698149026524334,0.029170363593038928,2.8552223739097826e-5,0.0005686096678800823,0.018568597323792346,0.016274124464644046,-0.03590435210026044,0.003934921635845967,-0.008541783647160628,0.004287633516469214,-0.010899803698521282,0.0336403205355964,0.01078328585390409,0.008250432135810115,0.006683375131615321,-0.0012560112745632068,0.001525004185623402,0.035903298168477704,0.03236003062193049,0.19317067986685288,0.030877231216436485,0.013662495010066777,-0.009613225138309645,-0.038511840195496916,0.007217002625509394,0.003014217116742657,-0.0365746290452762,0.00500135989386763,0.01639364222955919,-0.05031750213106534,0.006108037979174696,0.002891241340421402,-0.0017347236357636575,0.0025826535112827287,0.033777143026327394,0.0017154759766526695,0.0197602107266448,-0.002449329213504825,-0.06164688169155852,-0.013917028539253806,0.0035197382640035357,-0.2732977141477022,0.001465797272544478,-0.003460723099124152,0.015280193666512787,6.769490573788062e-5,-0.054751438125094865,0.011735078499441443,0.014873992711727624,0.0649205180015997,0.002408434433164075,0.000138311974978933,-0.014679702291687136,-0.011105002747171966,0.034573906342075134,-0.010541450083110249,0.14187749240045378,-0.0120667561504888,-0.0010009242996602552,0.0021799165251650265,-0.008300919591420097,0.06453165574203013,-0.008769176318764949,-0.006553158777023782,-0.00752549754042775,-0.010405856665585134,0.004217244430492428,-0.019766957411320618,0.018540645338362083,-0.00022024377267371165,0.008976679368061014,0.004371733994275928,0.020368949723888363,-0.0011021448717656313,-0.0015277352404154954,-0.005177263878067606,0.010255014359245251,0.010753993736491996,0.02479438173759263,0.006910248419444542,0.04838511341586127,-0.0009540446267237712,-0.050736717301333556,-0.0046305222129490176,0.0031374356913147494,0.022859521273858263,-0.02552568519899978,0.23355446008008585,0.006810309221691568,-0.015684738685564525,-0.0012486036230257014,0.048636962782438786,0.0018750694455320627,-0.005450466579418389,0.011725397051577602,-0.05085606464797365,0.013940178493385247,-0.0024703072887461985,0.003951351448677087,0.015933590428176103,-0.0037176623297909828,0.0064541417636974074,0.00317901002108556,0.004308344035962364,-0.01600103530108754,0.010008260769609478,0.007893895154325037,0.0026163993097725324,-0.00836022673684056,-0.3464183406799748,0.0018755622454591503,-0.027402229502513364,-0.15180953763581329,-0.02046612058802566,-0.02169053752641048,-0.03152055758073402,-0.008405792739722528,0.021127579024323495,-0.0006282430313149234,-0.007549165635282407,-0.01085384560519742,-0.06764499630071441,-0.005206577475746599,-0.0013523743546102196,0.011288361378774425,0.07538277774438029,-0.015994606823824142,0.004907023773284891,0.003793241306084383,-0.0267578924508598,-0.003035714874840778,0.02124253558190503,-0.0023560855777304823,0.02164751681857524,0.055682624509245215,0.004649167202387616,-0.0015057517614422977,0.015510757330957858,-0.18023469420859328,-0.004760179059076108,0.007765566331727314,-0.005438552318082657,0.017819660341046983,0.1633826606553157,0.007534960173870786,0.004843107723900175,-0.006374012470132584,0.0032827746608745656,0.002831279307628165,-0.005024829344165482,-0.008574001860552016,0.008504333403834607,-0.012389475578856946,-0.007642887397423692,-0.019760220250645943,0.08154872515478928,0.054361651136218825,-0.0030208460980247764,-0.01233473846968991,0.002346744024180225,0.0040235797241621185,-0.03838437579997844,-0.15538806229068314,-0.013586774219220388,-0.005791230606519093,-0.005923318057284632,-0.007271983256941894,0.015075724704274762,-0.008374798482691403,0.0001583138285923269,0.0007541090185441135,0.0003185138784829178,-0.003362350291446603,0.007958205835166154,0.022355839505507902,-0.0025262908723107103,-0.008929164734581718,-0.009120329342181321,0.0009236776045327133,0.005415308849023859,0.05781060094767554,0.06299037091139326,-0.001603997701749904,0.01311501201939791,-0.00020242976461304352,-0.020080638880244805,-0.009208564724758617,-0.019245559356932063,-0.019959980278372313,0.03359610783718381,-0.0019299774039609474,0.037706698055899324,0.021435761010934584,0.005938345858226057,0.009291108313846053,0.01721555434869515,-0.009340538486867445,0.029378484377048153,-0.0038446156859208713,0.006336791255307617,-0.005003184321594745,0.01409350121684838,0.00991936782384073,-0.0009195277807521052,-0.010522206408495549,0.024928851669756114,-0.00152336272140019,0.0019614526272562216,-0.0031206627163555822,0.07239750234202802,-0.0009331889668828808,0.01841859274657054,-0.00025445252776989946,0.004968668676610832,0.008141196600263356,0.002828340000633034,-0.0035104388371109962,-0.001940869561622094,-0.074045534475772,-0.0861894668032619,-0.053190721577493605,-0.0019723568329936825,-0.0064475840617888025,0.017254839574889047,-0.008483742450152931,-0.0022742048233794776,0.006993088147282833,0.035140967600682416,0.003976416312184483,-0.03087651308351269,0.036720623798828456,-0.011489051894841396,0.002912425052272738,0.0019447917801524994,-0.0056099368557624985,0.00965272973030551,-0.004589459477415403,0.009621036209864542,0.008732993298508518,-0.008734170237403305,0.011379733095964184,-0.00531739945154186,0.017462823929236038,0.016229807488343795,0.0012248229907072528,0.008284319510494242,-0.015165497858788513,0.023236671849190316,0.002050707753369352,0.01000358061105544,-0.009197754467095365,-0.027019157602808264,-0.004027327665426128,-0.01629588582022734,-0.012249911951613512,-0.008280703946638823,-0.005062340638687601,-0.0024513645730621647,-0.005401872500556237,0.003089682872086996,-0.00903873713559733,0.004045973268148373,0.0055796676610953,0.0036909701097727066,0.0024667922397725306,0.012710217126141288,0.007103490768031406,-0.010266633724540952,0.00768684277045395,-0.004209606668155175,-0.005797158195491647,0.03336785455758218,-0.0022312815508485073,-0.0077267194990895405,-0.003140640039873688,0.004397392518058041,0.009954369805427632,-0.03770050467664987,0.0011473139666122734,-0.0016029289162702298,0.03291439575332333,0.004533467505098088,0.27482552372566715,0.004679163528294339,-0.0009339081620964862,-0.016329974661857705,-0.033597468862808455,0.004727795180315297,-0.004376199656690005,0.0012908208814224054,0.003028588360393769,-0.014677453393460382,-0.01707129988608358,-0.0004618108400791243,-0.017775657389847765,0.008968947476205358,-0.002440953887798969,-0.017102813339533895,0.023184038939689344,0.010173547187150689,0.008385233227500066,0.005793477328552399,-0.049386791042707046,-0.012760121372593858,-0.00035147501694154926,0.06376716210434097,-0.08630218386042543,-0.00759814269031267,0.037793313961174135,0.02511625726458533,-0.021760052261015517,0.13554737896265578,-0.09047192583238939,-0.049617951149230066,0.01070149541101273,0.01137894697694719,-0.01991119877567371,0.01858318701169992,0.001950998952224836,-0.010741473218331521,0.022499246740608214,0.0021390020342550997,-0.01628514909128853,-0.01054546713066884,0.00491274457272084,0.02144840578455387,-0.020791003398699104,-0.004404966268339194,0.004290447004677844,0.05118947436676535,-0.08358642016446538,-0.017062529560064377,-0.004789942680758941,-0.0889593660981518,-6.895979731780244e-5,-0.0008686438682730113,-0.014210575627657818,0.02246872537557465,0.008158868575264933,-0.01445963258993288,0.06865228496917553,-0.005476601877035137,0.13607089137713047,0.0054724366491427645,-0.0036524394490697887,-0.008030775184920458,-0.030724675098099397,-0.0019730972067009134,-0.003684646089823218,0.004278954799929124,-0.019416889964304573,0.0037137763717964845,-0.008431176891917858,-0.015528943860772415,-0.005664456774184146,0.018053466597393708,-0.0030321027775244147,0.041754027153615425,-0.003570018269783759,0.04396033882039774,-0.0236941945813669,0.016864228797203396,0.020416284209204605,0.004001769814294676,0.006966498475776461,0.014979737698013196,-0.005017308725655312,0.016858249845427054,0.010529286185374076,-0.09835550492857692,0.008556624710763572,0.013869692630009922,0.02761754311131881,-0.01708688333212649,-0.02417574486810281,-0.050975117419056915,0.0023083198720996734,0.019874673536833143,0.003492990307677246,-0.037896722391451476,-0.02142660729009549,0.02226989875742902,-5.98388193111532e-5,-0.00589824153189511,0.10377275678035858,-0.0015040492226034985,0.038521922094332695,-0.007584929976133026,-0.0054359125806513475,0.0078124996325641405,0.0016726851707744572,-0.014047874601601507,0.00452201362395499,-0.0029884922673772962,0.01565622610223727,-0.017462969636653725,0.004675410789786838,0.006019770768034505,0.015214214850516328,0.005283935305897103,0.021872900057132938,-0.007586361957919507,0.013099177846925159,-0.0142331517618004,-0.009568930339355575,0.02982866254956207,-0.0994849188000444,-0.001892578825390956,-0.015364442966983916,0.009973116570563434,-0.012519963107251897,0.004277018221500839,0.0016409366071457043,-0.016113602898485624,0.023138578393172793,0.005102157032069954,-0.005698897171214412,0.00510982281230099,-0.007736127524367475,-0.0025480097566514814,-0.005772732832610927,0.004309310035750968,0.003962270159718173,-0.0012164580340368047,0.0021645408228323504,-0.07854765249305729,0.0010332988167647272,0.012859739656050806,-0.013918013085003622,0.0013267695005652058,-0.02368302339618822,-0.006048697085589083,-0.006804358416047762,-0.01173194529792454,0.016532228863070486,0.003897423139278544,-0.0019513269344315631,-0.01933157897815363,-0.007025516100839013,0.016848806351390522,0.06594832293194486,0.03531527333143458,0.007175445687607862,-0.13115657980142714,-0.04216422187801072,0.008669994813658377,0.028861040546416916,0.007468135102840279,0.012609607155809499,0.0003408294984268423,0.005961111260148755,0.011197284578884137,0.0023346732905338285,0.016957702878244163,0.019191975765352254,0.010504939309612382,0.078581227399809,0.0021498048593571184,0.06501078375390534,0.023486229778427514,0.013897156040457048,-0.02413748326125642,-0.04373253594894777,0.002023268541051948,-0.0066413009917596355,-0.014811168299274868,0.012395114221817494,-0.06394221936818667,0.008161988818756072,-0.014786445690333494,-0.013184867162635783,0.009152555874152313,0.0029624368611393948,-0.018495138161142677,0.0010545638633630006,0.007295188721172963,-0.009394431834152783,-0.004679824836784974,0.0028375730144034605,0.019461471759768756,0.12918699757437935,-0.006936233772648848,0.03394636070163415,0.012779935323123937,0.005537822352863486,0.011378763290849747,0.04035366221842196,0.007907400673502707,-0.015507561764025013,-0.18235556488889415,0.004331387958700361,-0.0034696749553404516,0.017101717502782776,0.013958015264961432,-0.021901605583593664,0.05359999884603894,-0.002399584619070083,-0.011749239867299366,-0.025808448809698348,0.006604130496270955,-0.019803917607646326,0.007987631787727878,0.003471668093425251,-0.020753138525378745,0.22276768111100864,-0.007850117889120156,0.01205057811421284,-0.005295044522426906,-0.026700359838969234,-0.001312965353463369,0.006315104485338452,-0.005206177904710785,-0.011890095857182814,0.07408906950786331,0.0024889660558073956,-0.03366308280965313,0.012646472834603628,0.011675816456772736,-0.019956763676987066,0.006118430437140887,-0.015533611863247643,0.01681623107822361,0.002182042846470722,-0.005451027200251701,0.004386417049772717,-0.030146889856041525,0.006156073946385732,0.00456301544818416,0.030979406829501954,0.005351402176984266,-0.00554942123562796,-0.01824009878691868,0.005100837701775163,-0.003105288583356014,-0.005156419970489878,0.05697129258442146,-0.006659295449935598,0.0058161456472589634,-0.05153762897680281,-0.1430996146382313,0.19921815970479884,-0.0163904010648821,0.005780711815532413,-0.019750433881654317,-0.009666162269240886,-0.010619883041727007,0.004281500456272624,-0.004013556952486397,0.005541924874705728,0.011080587003107212,0.014919332893725823,0.03621471558608391,0.004915310516480531,0.01242677047230245,-0.023590656586748082,0.005164759747458447,0.022606729236031242,-0.029289818103279686,-0.010199957593613362,-0.00518298714212051,-0.022948478112994053,-0.01643900704857515,-0.023864118616870655,0.00010153577966320881,-0.0018274644285156683,-0.017889111286308435,-0.004388074478811177,-0.12586369130326602,0.011379579606000334,-0.06206339082473278,0.009686169621090812,-0.004543191648735956,0.010328145873245376,-0.0007473598575415963,0.08802888556528998,0.01402434593092039,0.008733858740015421,0.05372091914432531,-0.013342153969460924,0.04648552002618089,-0.002903903704464028,-0.009535512631373422,0.011876370819663862,7.303766528821143e-5,-0.0021477443876847246,0.10633634906844236,0.032739932870754274,0.010483220430614892,0.0030219998348002264,0.0022978711349423975,0.007771130251057912,0.00730945092800539,-0.011819983295936254,-0.00507662167547096,-0.004485490168008255,-0.014423217379771813,0.004714281407359522,0.008000515582125445,-0.008347391933057224,-0.006572521128873632,-0.010218505149651946,-0.009018485831802536,-0.0019893629012130987,0.011688118410802417,-0.004329893342401192,-0.0030399467741517583,-0.0015169655212048383,-0.005598378987087926,-0.010695718166971346,0.002228426397095973,0.009790618801389428,-0.0008695396511484432,-0.003601626840463723,0.005055409223132301,-0.001635798679672007,-0.014717330337134626,0.0026341470183979254,-0.032878180959869496,0.015122176180739189,-0.01588516311676358,0.004696547506782167,-0.0037450864365382586,0.004018465709805241,-0.005813349920572364,0.000819747982404806,0.017709661844492075,-0.07535913137417083,-0.11670834747746994,-0.06750466126413812,0.023621359492608462,-0.029046487661616993,-0.012730246610772156,0.009997718443173653,-0.009375867290145834,-0.0022147334000237606,0.004257856715412345,0.028455611828576366,-0.0034982316024070315,0.0012067327738805034,0.019993978971797333,-0.005006832827348262,0.002499784568499308,-0.008554126185117639,-0.021322640680409677,0.011858870853643566,0.017884267189856473,-0.004100064733393083,-0.005950214585027425,0.0038141572613312746,-0.033645840814642725,-0.004875902554431377,-0.025149234119453467,0.01681715605809586,-0.012508211244607992,0.005861199106675485,-0.08546791282913091,-0.004210159751934839,-0.024079353363504197,-0.019669263831019634,0.022795229418079543,0.010349794727062545,-0.010130551953807299,0.009462876425459399,-0.010473803280319771,0.0077656152997747085,-0.02259525686122288,-0.011882394323265544,0.009087417073487813,-0.01151521546762524,-0.07492834613651667,-0.0022767948521504877,-0.012291877994471179,-0.01659726195521216,0.022834943543784902,0.011050806085677323,-0.015988940221177472,0.012320844359692273,-0.011404810193653248,0.004363094693871972,-0.008776496650170884,0.167092444673699,-0.007406816293951124,0.01256117259254097,0.02091596213313096,0.010811527109694907,0.005158076939324019,-0.009357282548990042,-0.014845008707652596,-0.00100171373833291,0.012002293956584253,0.0038889487084929897,-0.013853086908966361,-0.012672272222516767,0.00287853434913643,-0.0024538243735605647,0.0005321932608239877,-0.015320387812607805,-0.001273116229185689,0.027211865672143176,0.008154524365636462,-0.005237135930656223,-0.018450182543347182,-0.0009788908361088033,0.004344399765841445,0.004157261509135424,-0.021613322243865696,-0.012753463155771527,-0.04581789682197268,-0.0005111493464937666,-0.0045592557871714234,0.00614509314902989,-0.008486118874316162,0.0018619414520344435,-0.0003314154569125094,-0.008180485748198407,-0.0005128055609020521,-0.10407608033210636,-0.010099912572513858,0.004559350510362492,-0.033830744010856506,-0.01697060310289089,0.01124708969200583,-0.06853193958158954,0.0002777417284960393,0.0013016669508942869,0.029204641068645287,0.0168805177872855,-0.01566432382833227,0.006121616489963344,-0.013113530461851042,0.00594172406817961,0.020864745214566938,0.026319890380364086,0.005534485082534957,0.02134726200119985,-0.0024795500235086365,0.021986792125062493,-0.012416874457585436,0.006361435107237412,0.012497002821874048,0.1821047055973395,0.005457038918621038,-0.005491364321869696,0.007763153740597772,-0.004009121136732574,0.02661968511347368,0.019656443769463294,0.023941034163726727,-0.0011193531424851244,-0.03746822716209408,0.008480404719193757,0.009272918546685105,-0.04212480518344819,-0.24630255058673356,-0.00047529103176202625,0.015708688191125475,0.011133019391536436,0.012549448286790721,0.0012187496358819772,0.0009826452389916085,0.0012239392272022087,-0.026536619874605094,-0.009787310910041924,0.09916685586358653,-0.006035946472366049,0.002666082730740982,-0.001005269426372024,0.004089664837010787,0.00194950451188447,0.027615469124839365,-0.00026448553035152145,-0.025783533991670993,-0.013886808163078967,0.02153130151600635,-0.014253143908717902,0.016697173416105215,-0.004346846876160271,0.013587179401838512,-0.035828856178341084,0.0033526049028296256,0.015076655605298583,-0.014028472980498918,0.0057694059341883985,0.005948243258899311,-0.0038514025668519025,9.925346694217296e-5,-0.013710164599615382,-0.010522101656533778,-0.0108242868986963,0.005016655559131777,-0.0015770724821777549,0.031112163976104057,0.014925931955076521,-0.02104480559444255,-0.009961426686004415,0.0035839857737300918,-0.030131993613395025,0.012758156382005836,-0.0006399690935268154,0.015632361510029114,-0.017668232324922428,-0.005155732870349539,-0.01210881819770293,-0.009567416735990264,-0.012500436479967902,0.0004102985285499017,0.003162729991345259,-0.082943291095944,0.003023525926437287,0.004670377616548649,0.049098096975285443,-0.007232804422528716,0.0005091686653031502,0.0062960571121948306,0.011164011750224745,0.004760234125569696,0.013116948688093544,-0.0742590168699735,-0.0002871008373404038,0.009028236237327292,-0.01510211729328148,-0.005000011082529454,0.001923935641116259,-0.08723627484960161,-0.02247916774103942,-0.002544816428780905,-0.00410497387565556,-0.008319261415635992,0.04793565005485334,0.002068255461381341,0.0016243531435975456,-0.01196912932482519,-0.005638240456523391,0.007775572661557817,-0.030280535099336703,-0.03386719443301445,0.007321462078834884,-0.0253669288031233,0.0244963204851274,0.008836351833451772,0.011784215727857372,0.009275180824261042,0.05044394124661267,-0.001615839349142334,0.014634810514621677,-0.07060964982792939,0.004827000133445836,-0.00042610203263393487,-0.06320510656189526,-0.00591714424285783,-0.0027525937621248886,0.0224439130954579,-0.002249397342211523,0.001236028366975006,0.03251622817856514,-0.0030138337929201953,0.00529508061845263,0.013611722668429138,-0.0114980906960227,-0.002697219004858198,-0.0005576036872980694,-0.0075983480423928995,0.008540742211152974,0.010574258335509512,0.004592046533616667,-0.07322941751522194,0.01606384805381822,0.005978253736884653,-0.008669272553561314,0.0036545116126944777,-0.0009116532414736866,-0.0020963916440450703,0.008814766473960844,0.011266151300787897,-0.06706642810968333,-0.0009571019920713297,-0.01039697714986687,-0.006504015725113277,0.0017828665550041478,0.002936385877092107,-0.0028456322761485353,-0.012664528205732495,-0.006442880738632084,0.008847735563449532,0.012770088650199796,-0.003957211810757144,0.009496028662397293,0.016559308883302037,0.005998758470013854,-0.0023739400960494095,-0.012469714438338997,0.0841947414301103,0.001398895469094441,-0.07764249165597903,-0.00985656575895888,0.021673889054177664,0.044809979889407714,-0.009798864123354178,0.15939712161616626,0.004970825984628391,-0.00256144784452772,-0.003806728042945906,0.006137655120710406,-0.017620331223952235,0.006391683987260421,-0.020577112948785725,-0.029440772528687376,0.009130230544542428,-0.005537226304568321,-0.0013320854104676982,-0.009810290418954537,-0.007875342827901477,0.017298641139859683,-0.004497563556469686,-0.00019611462448665407,-0.003256850948673673,0.0013765126377620618,-0.04253208853697288,0.019805103110343225,-0.03788777200952609,-0.07223362080821971,-0.08359142989411339,-0.1190822774924527,-0.007874714759964263,-0.009083930760425574,0.005485143525675085,-0.0019540465887075698,-0.005615013007627567,0.001380166034323338,0.05435262719583989,0.025377194559951022,0.027650804754557612,0.01844184056415088,0.013397306980550638,-0.00586272405780619,0.0054431573689726065,-0.015425675707774644,0.019782972634857288,0.008062668857746758,0.018266048784880695,-0.0009301594345743069,-0.00503435788493789,0.010484361537237419,0.03111842717635227,-0.014849592638029208,0.07450487531696126,0.00991648088893271,-0.011160527479660232,-0.022095714349234186,-0.005380219356084126,0.0440744254128731,0.013694668244170316,-0.002052054790510738,-0.032027516542541434,0.0020126081672060536,-0.005152191894467251,0.014272205589804798,-0.02877865063783247,0.01888598977188849,-0.007944834575027926,0.0016814408128311698,-0.005547854842006927,-0.004121767915421515,0.0012008748381049372,0.0037292009078555566,-0.0110611873687958,-0.019147229820305256,0.005921190226899853,0.0024395737181635013,-0.008674852842432301,0.024601323304523248,0.010887133421420003,-0.009691584238339601,0.029945396965558757,0.2990527490765089,-0.025153161333037133,-0.25748398312953213,0.006064882043276043,0.0018256405421652744,-0.015554954141407507,-0.00865875288945972,-0.0009498370459368743,-0.013587948558779317,-0.0039826058484777604,-0.023507420868554618,0.004888670563559572,-0.029282728195738628,0.01138890493530198,0.005838843029778218,0.00430185626646562,-0.008691873931638838,-0.009363708491946454,-0.017994449025536596,-0.006645070784998097,0.006228895585991268,-0.01101807156646828,0.04578805145865772,0.04952021988174238,-0.02633393441010412,-0.06942656496630661,-0.09360548239601485,0.01836707758980083,0.00532793755445482,-0.004668398822104791,-0.009437052312023297,-0.01702230774844793,0.027955802458563994,0.0014104204119576025,-0.012400650058168594,0.007334537735005142,0.010435380333547073,0.026111447656148812,0.0002810529397265782,-0.0032568392290386328,0.07562897074308239,-0.044695028239402745,0.0009531447412882699,0.007737578112937626,-0.031423537423961534,-0.012295315420487896,-0.005125002769545972,-0.31539339747723716,0.006879714740534837,0.01310920642754354,-0.025355017874971963,-0.025194772857503267,0.015049864503453136,-0.028202971414430067,0.0023590752489326405,0.02662583906294458,-0.019656341759400675,0.0015256179419793625,-0.0072124000635085395,-0.007765772683796968,0.006627970380577608,-0.006969309337364393,0.0012933717935084132,-0.0016343158852123452,0.005211242245422909,-0.03516537883297133,0.00021638881753460737,-0.005060775808487961,-0.014779288173485838,0.14777546507502848,0.0033660637698176288,-0.0018001277049961573,-0.003701898403960513,-0.0563757098602764,-0.06605673332342121,0.018881966645949433,0.022457551388470165,0.014216306991784222,-0.010028498335486802,0.003623397481305801,0.0012944560612595524,-0.008784115862908948,0.003043987438104523,0.004078577145037343,0.007655305177650007,0.010548962192842737,-0.07005527621663532,0.012523994953880901,-0.007132333601020946,-0.011079777784971157,-0.004301940199638921,-0.016139379462856596,-0.03131803457415572,-0.015815752799412053,-0.023723416244138207,5.211692086959374e-5,0.00399098115894958,-0.003309782504402392,0.007348992940933385,-0.04161301352672808,-0.0022099746624917316,0.001366748431337328,-0.008819123241664784,0.0013690399375718698,0.012233061252118205,-0.015469437577394274,-0.020745712748492906,-0.450208548707451,-0.0022826205613455386,0.016754862980860707,-0.09596073859574972,-0.006242017880140338,-0.007918191197404667,-0.1460095360307605,0.018898961161539773,0.027658397439154214,0.009703706713324323,-0.003652580540801864,0.013625130698756038,0.013046315708493239,-0.2916200680683687,0.017844025647377748,0.02710479106826824,0.00012589331868184672,-0.00948667741886311,-0.01617543987094905,-0.004473978181977145,-0.010182972430811787,-0.022090890374784067,-0.009405035935230899,0.0004454578224795114,0.00905635652361525,0.0008684255481057335,-0.006448472016245432,-0.001972438349184813,-0.1461782501056632,-0.019747137824651873,0.03458399495775666,-0.006407770399164292,0.007987045283698535,1.0238863698305067,-0.004816783050159756,-0.013637104906592867,-0.012981148795915942,-0.039645985491006286,-0.007085215308904935,-0.012713169172457128,-0.013204451876845269,0.0013001407232877682,0.012222674005442968,0.021075420283523272,0.005706323410436198,-0.003653294119885686,0.013865075553439965,0.02261358883470166,0.01533112825200078,-0.003429126303672092,0.0009591872169494309,-0.0035930883032051497,-0.005393626870500157,-0.01515131407154513,0.015379273371195268,0.0137785060915121,-0.5646190872962507,0.23698981472534797,-0.044473173147252965,0.34098350776366715,0.1819687843817519,-0.3667804667911696,0.03690580287445755,0.009676861582192942,0.004266198361847273,0.36506701584221446,0.013386496183443342,0.0033096416964326636,-0.037636863623788486,0.011961394666286651,-0.0023076225770637393,0.00962116195114504,-0.005102003130559751,-0.016903530102354125,-0.013537133928146261,-0.025717779920341854,-0.0013081435022286314,-0.010281369848598843,-0.016269316047441862,-0.011605389351188933,-0.014808249097882253,-0.001988635992347554,-0.002693110698601231,-0.024490937870723428,-0.014410501326437952,0.0066478306275712384,-0.008162412997990032,-0.023433333344655694,-0.0035898365786124486,0.0016208005681619397,-0.0034092380351467,-0.0006449605175475881,-0.07547979242303882,-0.0013673676452299333,0.0008910422075132374,-0.01951958479367022,0.005815020804220694,-0.01276368194578481,-0.06175982862623641,-0.022367001476823134,0.0031236512259056326,0.005720018257079573,0.04373775869544261,0.02241550085247468,0.018609532212394697,0.03510617979554809,-0.02527045978604292,0.030168736464474932,-0.04482408456806297,-0.01655825439684122,-0.17260595891957564,0.023951729833243007,0.0003704921747385015,0.04050568974548696,-0.017211353000675444,0.013793291986729628,-0.009336464618172613,-0.00598974940203334,0.49388516064493615,-0.015349814174442145,0.0412766503450257,0.020172670560441475,-0.053710646541730966,-0.004388515001664928,0.008359039641618438,0.008358469303857419,-0.006480815427494235,-0.03348446146810602,-0.00029739992578470265,0.007714637567914906,0.002206619496064377,-0.00748323242976312,-0.01077062925651262,0.01357670917559517,-0.04652894218907022,0.003090221929028303,0.0012659235194405483,0.009355658330605365,0.08444795574723685,-0.0012227277277361281,-0.015709780247561866,-0.018179180101469683,0.0012896352868665417,-0.014734971699908783,-0.0013056401921858196,-0.0035058159014624835,-0.03135887255302805,-0.010193262198299635,0.015207333000944345,0.02015838510078538,-0.07676096439172397,0.0025878740725602256,-0.0051767693148576654,-0.30744818366810023,-0.0010672131957107922,0.1526858271281526,-0.018038381043425034,0.01759938129089278,-0.005013423091440927,0.0009555347405694192,0.0006237571248561835,-0.017958936148147586,0.013315078507730504,0.011755096537854115,0.0016620236656308407,-0.023821166168090713,0.017921638124391848,0.013885602433219901,0.024250160419342137,0.009013167164539482,-0.009261948860512348,-0.015695308215072146,0.08814893584076344,-0.009041221524057619,-0.0044684014876565925,0.00234429064289543,-0.49937635691210147,0.004847048961892142,-0.040585418903447135,-0.014101628492426244,-0.32499745898803667,-0.0060922322968508524,-0.006420216776831467,-0.02061613668342943,0.014795617400523042,-0.008645146538583504,-0.085706673096972,-0.020865809161477955,-0.03612943867231655,-0.003450925122706394,-0.0016651591458867188,-0.016075167996859818,-0.02250147086533616,-0.00047082219543881365,0.005183114275951084,-0.0004243958626375388,-0.004323655083680933,-0.0004495873345149448,-0.012039485940249506,0.002162320749448554,0.03879898099921775,0.000758125915126584,-0.47994895876490773,-0.008625580005173106,-0.07222084648458349,0.23439349905697782,-0.019695841258453584,-0.004203930290714197,0.007736562860372942,-0.022176669056534593,0.017678362601145636,0.117658583281127,0.015493563585579295,-0.010710675556310889,-0.0017647285221755737,-0.029543247579113086,0.005395535991056022,-0.006978432395044365,-0.015110570449451188,-0.00683299429329054,-0.012041418086482736,-0.00605093975627824,0.01725316986676262,0.00632939383149278,-0.011031921755147778,0.0006270766091347468,-0.19364846188818774,-0.05284826059505576,-0.010920114273858417,-0.004698971230936877,-0.004814608329979819,0.008229954278249352,-0.3496722954305369,-0.12488495993511606,0.011327788217386114,-0.0005805165183119243,-0.0007145246515847248,0.014010072708515509,-0.023741876988424337,-0.004487987851462094,-0.0023798463626008015,-0.0024684024156158557,-0.0006627883685723646,0.18840278836069047,0.010942260457341035,0.03176168805885027,-0.013077200797852129,0.02165463091523634,0.005212826127262815,0.007330407729114086,0.0006109366622695234,-0.03831091446500068,-0.001283383015106665,-0.006903312592839939,0.05543612073870463,0.07587141269505082,0.04742183288544766,-0.01049535954143721,0.0019372463847275867,0.0014282123074735864,-0.008471497952996287,0.09938353475627082,-0.027914947995668626,-0.030715795212927333,-0.009679329436039552,0.006210983565324568,-0.010966295953949157,0.026886832682976092,0.014058270348868973,-0.008496611752889294,-0.019122315954746227,0.42619706886705444,0.21395320464353063,-0.010837839116902614,-0.010257704186642513,0.002564526338574069,-0.009126185393938613,0.0023713042996860167,-0.013489968452631729,-0.003264011304054293,-0.0035324210400631273,-0.002868520953029474,-0.0055707348960822856,0.013443557882510504,0.16587898119396982,-0.008133440068490927,0.021904058694417472,0.005650411637361685,0.005302418239296003,0.0010511568561355489,0.01014181711616402,-0.018340140792133752,0.0021070862139822566,-0.1620676898110105,0.01964745700934145,-0.006256893656086504,0.007971068090621092,0.017109436817918322,0.017536633199597418,-0.4410686398305188,-0.00877089691493893,-0.049607692665631475,-0.00549272109424237,-0.0070629957305641256,-0.020964781098882668,2.3583088477607816e-5,0.014764228337298846,0.06377188634360209,0.01154810628213454,-0.008302770569116547,0.010642196179560415,-0.008606559883446607,0.17193690494013936,0.01194845845020609,0.0009931113409038517,-0.019025793576020078,0.007036429386062082,0.005222612759098411,-0.03726595978423575,-0.016962013320153346,-0.012526317929314246,-0.013264476545373327,-0.022650229788268916,-0.003675076528452337,0.02299280143870419,-0.25125218760240386,-0.009969234836717078,-0.013825159740690651,0.015240521955547592,0.008145342948409962,-0.014876321062729403,0.0010818014197866432,0.006526692340230511,-0.004580766978619977,0.007456635229118547,-0.02024715916519426,0.002394899838463971,0.0042457677345737466,0.6663887354141025,-7.039975957923161e-5,-0.0001832626605846599,0.016688387700924068,-0.004418659600560204,0.0017218497887370177,-0.013332560071830812,0.01938293208831965,-0.008631920485640876,0.12385654298856252,0.009173257665679557,0.0063907050182479,0.0003043786373382318,-0.009593713988579111,0.004433975651409128,-0.005217220317717874,0.017469731600385785,-0.01340877789152728,-0.0011839332364615984,-0.19274819290149026,-0.005262565127850394,0.003384022136742715,-0.1438071578695599,-0.0070635511710861465,0.008759480198250458,-0.012375606431533015,-0.0023039481268369855,0.012529278203373906,-0.014125820633580588,-0.0009353777968499344,-0.013046430405665888,-0.02106334922791575,-0.005640851564749028,-0.003969937237343402,0.019956972892032354,-0.03910304173888335,-0.004633706307686225,0.023177649423814728,-0.010332214535139883,-0.022904246458892885,0.006249591641335428,-0.003024883320904337,0.0003164125337207224,0.006333844249638787,-0.05322211909503949,-0.03828405338390439,0.03696026324359991,0.005109035835175746,-0.01972269339057675,-0.27950789973112933,0.001632913326830021,-0.13944693600478786,-0.006139417340818909,0.017458150710012887,-0.04111953984465799,0.0008551310587847638,-0.054674517841249326,-0.006647578714819247,0.01888132425119693,0.004525894512880768,0.015435736865356375,0.007919354850855598,0.02368601963007677,-0.00709428513880539,-0.023863916843765764,-0.01019240722507675,-0.033835774721865164,0.01484243586401135,-0.025326919064013964,-0.006369311075104633,0.021319436945304915,0.021191595169511857,-0.03286416882610865,-0.007239692021812516,0.0022524457235704176,0.011120228145045985,0.013249190753413131,0.004442284180498746,-0.017770206907243846,-0.016361846765903465,-0.006959523559089575,-0.013648954474774655,-0.10536000057118144,-0.003489731028139431,-0.04402749210566981,0.013249565406113106,0.00662603852833854,0.028678875604555287,-0.014391932567377808,-0.008848384488373995,0.004890881342362263,-0.012016587395009992,0.015685282852700766,0.01673641562319972,-0.011378103806464424,-0.0221579643161931,0.004672166307500447,-0.010682760666895774,0.005278588923829375,0.0065055094219133025,-0.017600301345737535,0.010231594178094383,-0.0055241845757336705,-0.021855606233657454,-0.0030383208777493564,-0.0021134124262971454,0.021215893953922205,0.03594206339232642,-0.009876406942566973,0.006914695497471257,-0.04076248542742178,-0.006718905296111188,0.004465575754238671,-0.00517013353510265,0.016762304992425925,0.18994185276096687,0.27396564667742496,-0.010805814322793594,-0.024452443031691473,-0.00956766312901891,0.01511663745623082,0.014949183695108559,-0.007930653982555214,0.01170101979505489,-0.004627338220416277,0.04344215850551336,-0.028610179072529718,0.007747721725536394,-0.0005372218342927226,0.0020342760449238995,-0.03204916956110537,-0.02662997162224201,0.3649470206883052,0.0076326358521328075,-0.008342630688275676,-0.051999087485455675,0.0012563587052909497,0.005769948851138906,-0.04901198068847634,-0.006948358834961255,-0.02369079521349704,-0.004455259564110747,-0.006886170533672242,0.015762784663508,0.030996991925348993,0.007656223808226059,-0.092865235836598,0.014938052602701646,-0.4482080706998204,-0.03410362902900488,-0.1587934906327746,-0.01471720403742438,-0.01348234549072913,0.32605607963500916,-0.03354877071750195,-0.0025102047466134536,-0.006041977063432569,0.0007025881243407639,-0.045813865567197354,-0.00819875291790595,0.004418892407329622,-0.0772648412628314,0.0060060582518417505,-0.5389871898823912,0.004784184442542028,-0.006752536427484301,-0.03149662908708706,0.03286617817502702,0.7427343938725244,0.03235487331130571,-0.02136287302346318,-0.024670894437804236,0.020827044731959177,-0.007683792494162844,0.08997800582801574,0.006251194902461066,0.02936130243642765,-0.014394837863164867,0.013202083721807867,-0.019436096268691472,-0.03609198196932084,0.01610789555888914,-0.061258536638433725,-0.5341279349925117,-0.005061186544480734,-0.005094648192880413,0.003849418883191902,0.013431984330054547,0.021077926744965225,-0.037573520662590454,0.008372613733115486,0.002517632245144341,0.009724930319407576,0.0053826690982532455,0.5165441444569296,0.021029213246492873,-0.3318190428519756,0.005665617219733576,0.007993228988198098,-0.011873384512000484,-0.005257471048025764,-0.014177204946236088,-0.0375495834468893,-0.006176393717737483,-0.011684044873618404,0.0022072411679801007,-0.007724820345174521,-0.018331419983041997,-0.011863516768244153,0.006941246490896447,0.01346787497823243,-0.0325879351862568,-0.006976182978633005,-0.007009652859323978,-0.0033851167604552757,-0.0591227742997944,-0.008213724456254567,0.01407471208676725,0.005648877272420805,0.013766972758276097,-0.02134236190033789,-0.012779447952198097,-0.009472795096371556,0.012892750237597284,-0.016015584426895657,0.7471519882019493,-0.00659429984500548,0.07598017432428605,0.0059281626827214495,-0.3632806898249328,-0.2973667044961985,0.013827415362356987,-0.01748908113881953,0.00881998906697845,0.025224019326742564,0.009881923966531758,-0.00499852253096833,-0.01589764926029602,-0.01783969174584854,-0.07072607321924806,-0.005005646627068927,0.033253482849886495,0.027377985823477502,0.0029423303660678357,0.008238029219683085,0.007452825383552408,-0.4279476536232778,-0.03607951328103809,-0.0003528347065184789,-0.029351798666084505,0.01729760446869477,0.0035152925298689297,0.0031934255675878376,-0.018249484935836335,-0.005432689427834703,-0.033154358560295805,0.03744262075224469,-0.0071244951268454315,0.01039923246116814,-0.2116322784077056,-0.006697039182654407,-0.013931876471360738,0.009629886736547633,0.15488214404217615,-0.00263104742498399,-0.04770586755239492,-0.004539193929758767,-0.019594057499261908,0.016595968386354798,-0.017169824597203842,0.008017391080102243,-0.0009044843473020592,-0.051692398457817035,0.008568222960320782,0.021242347836960107,0.004253724475347553,-0.016107125192320382,0.003594135265757359,-0.011149202165142924,0.028371789740816666,-0.02024355566209124,-0.01642884048833082,-0.0074222279827154125,0.005536478725844063,-0.0015222054844343802,0.014775959361941204,-0.063356622855963,-0.0034627008835741435,0.00440695920019607,0.0013354647860523983,0.47934678376532247,0.023757213512453745,-0.006620543811550306,-0.005172616883328374,-0.03690147045745107,-0.022885609851641675,-0.0010910660957961227,-0.014985269901785614,0.2590217503969541,-0.05405120998000257,0.015154469563640305,-0.01497835206146192,0.020679175294731067,0.011541624148094343,0.000759191206725518,-0.000686974413383723,-0.35176942966977265,0.33911239529061277,-0.016309897860082856,0.004346442618953006,-0.0005207574104133528,-0.007829340970232579,-0.045190550757070014,-0.0037319250595828635,-0.022365872711816337,-0.004556947160835989,-0.002977072620524268,-0.0021101414922668482,-0.050984349379632476,-0.011779020911490079,0.43466309137784265,0.006811075601490302,0.004210922759398272,0.028008635499645607,-0.0012986145329705323,0.06747813507809042,-0.015264007634414156,0.005368790168631676,0.000725815596524626,0.0012339947895725345,0.01939071407286974,-0.00021566584200627403,0.00043108040972583694,-0.011306875617265177,-0.013507740770364762,-0.012635249476716126,-0.02659766340616443,-0.0245520739335916,-0.0012746334055009356,-0.019895303837984102,-0.00466033240672914,-0.021281992539570638,-0.0233844306062565,0.006778741083962814,0.017845644002136396,-0.0024996467191158445,-0.024793637971015414,-0.013867183173147168,-0.03918379236347391,-0.010830875890405878,0.024754724726335553,0.001959988037015137,-0.06484172314372927,0.0015044171568661113,0.007906290666142013,0.012366226556878246,-0.003617454747654847,0.0033035502792699845,-0.008240607931838895,-0.027501188684254885,-0.013584064617134572,-0.03020877270893152,0.0022654370075656516,-0.006138249586001621,-0.0020056158309671446,-0.01635948532475595,0.0019300977965031052,-0.0005287688545649871,-0.007143315686334972,-0.017995424884702516,0.022923225293197902,0.0058554324566557625,-0.010620228712923563,-0.05125430491807492,-0.007122794922906905,-0.03595412103777562,0.004318074632919888,0.01124410939792142,0.016412295732152415,0.009510236116511805,0.02281933429912897,0.009262056596526236,-0.020582480681696325,0.03625821667174023,-0.010455008960207124,-0.014548866338373045,-0.006517342192182696,0.23200016768123533,0.009693296993759759,-0.010841874593779721,-0.01004747567776576,0.001018999559164513,-0.00383635629782475,0.01273028223477013,-0.010904371360084042,-0.26295730245044524,0.026326142277866893,0.00623916871882102,0.015093235096628632,0.029215072840088396,-0.014799018963458366,-0.01609274555630691,-0.018961602258286803,0.16973045540453313,0.36445577105632765,-0.019596672638044765,0.0012414679467838141,0.002722670295270291,-0.00455904099885629,0.010449846742908164,-0.005891973714824417,-0.003581486643952303,-0.006975472923841153,0.020714996285931875,0.0037134761738570887,0.021444181504193693,-0.00881490665688034,0.01176947220119473,0.014487778067632462,-0.028779875188774895,0.018104692251654342,0.003040984196786667,0.015923047836622573,0.012865700470683805,0.0027892138623428764,0.00946731477870344,0.012829954181142966,-0.11830491051750869,-0.028597698617204514,-0.012330134885814914,-0.0012804898688045796,0.016985076998935256,-0.012910228446344263,0.0026358693407928513,0.18466114230704989,-0.004523942536252434,-0.011578613426536322,0.00019223867553819218,0.006257943102355057,-0.0017959153699393937,-0.0070645884316036245,0.0017196440876432462,0.016777445459410956,-0.012077258086719667,-0.02726627628408096,0.008046161776292138,-0.014058407932225236,-0.00956678650345566,0.043746510602431954,-0.024628271165056503,-0.01805448554296163,-0.01522019914020234,-0.0032885496839298867,0.01126709434129225,0.4677211801797512,-0.005860659723111894,0.05579406872573145,0.010546546793648304,0.004325329597577365,-0.01627954624245831,-0.001188082801490964,-0.016075329802333727,0.009622059606044786,-0.017799397182898247,-0.009156543032077025,0.009014235259655834,0.11056551301271611,-0.10569289247541747,-0.013579792588643613,-0.03744989233769047,0.00994127731554073,-7.45055094739655e-5,-0.009742737242959265,-0.4122018609714928,0.021799312940856908,-0.005342396449123044,0.014753623244359915,0.002520479891359173,-0.011713572994267452,-0.019403686987516267,-0.018613855479543417,-0.01739878103853698,-0.017503090683248956,0.007066065466915461,0.0029134079636605748,0.6380018658383051,-0.007316484206967289,-0.00292323333837885,-0.011544227768382598,0.5942442877992562,-0.03102107810286725,-0.01374296559515642,-0.0394196033166736,-0.016250284752459265,0.2747229687620347,-0.02615076035272068,0.0024428601686850016,0.006030120686773444,8.731198158784537e-5,-0.000984272195637459,-0.01868528523391433,-0.01906238061383192,-0.054564378233862953,0.01256300940804067,0.008485921242936456,0.0022222756603014204,0.008581677837355528,-0.006353084326292446,-8.251940016634762e-5,0.008420544876798886,-0.0034099655094905756,-0.02201381282065995,-0.007990653234855927,-0.005477976515066985,0.0003312795645342703,-0.0016358447016955324,-0.005733599698714897,-0.003013799272594042,0.03557119119159324,0.011857780864374945,-0.0011904284756383277,0.00972348393406719,-0.020703686805518373,-0.003570636300167962,-0.027025403858715435,-0.0005647135031949801,0.01256542514784087,0.01151951550767194,0.0020659653939105738,-0.01859142465173136,0.016035281676522573,-0.022847887122225075,-0.009560133290278827,0.0241771132290296,0.0003838936581814778,-0.0038590617732552346,0.05776397046702186,-0.649709714358778,0.008729396719445504,0.005649094882528516,0.012244776878105768,-0.029722327351919375,-0.04674313444127165,-0.029970551981023164,0.011565807515125925,0.0027600359512689465,0.03951950008149652,-0.01824856710527456,-0.0993190435087854,0.00018203637591795996,0.004462614355361438,0.0013106774422340095,-0.016257056977792672,-0.4391044843423515,-0.021947795913092705,0.010130115223773828,-0.03512833832883189,0.1738171759643592,-0.0006451765298152168,0.013824840641063929,-0.0011456084102974273,0.04415058956328721,-0.004462177851110027,0.03098405764922063,-0.005278784669826564,0.0017393798216289724,-0.016053276782258763,-0.025014153459778754,0.010722448063461343,0.5849387117145852,0.011829775569367484,-0.015680493293075415,-0.0008800518537555035,0.013509665394849435,-0.016288099232951936,0.020805238595130504,0.1218509943879198,-0.006193306557179312,-0.010981300238199765,-0.16354962891546165,0.008689278672136425,-0.0016759098316470045,0.00040421917015009967,-0.003685336931994243,-0.005983201723893217,-0.022421388044449486,0.03830355272475572,-0.40024170948163373,0.0023582254102620936,0.015215264259495598,-0.009784319759091886,-0.15350465617660802,-0.013284105980346794,-0.02469585054154777,0.02917541395618173,0.025104396136157447,-0.0023873481195550994,-0.03911290171345172,-0.004136133671636344,0.020816459306047363,-0.04112486198073384,-0.006804803722388897,0.05348159915592987,-0.021578043585350315,-0.003388504700978956,-0.0011873271101023875,-0.00855305222825109,0.006045384736353299,0.3387912941448121,-0.027937395601838944,0.04350878745799491,-0.015775010448123794,-0.006027569223078899,0.010677308966023702,-0.06334869281454303,0.02249865634712478,0.008603695844527692,0.011278105066594435,-0.017873013680855365,0.0024775936572041246,-0.002673209266504273,-0.10143227643993669,-0.03766709727096895,0.011709643752055854,0.011298508195977774,-0.012822118422263884,-0.01553448915547051,0.0070834960097272415,0.00793247001911368,-0.018226253292141337,0.007950862747748033,-0.014193668095686007,0.011652645147478324,0.02065014785330277,0.035191131474675785,0.25787223495535727,-0.02861397339620453,-0.011332821111636804,0.013081986741497076,0.7465291298226475,-0.021687741078039835,0.006108849265729077,-0.011866313381347027,0.0038985526016404037,0.012354814741797782,-0.0014981724093559023,0.5771225109276656,-0.022814519212715823,-0.005140343480093179,-0.009616071313757857,0.0040121802003341145,0.0006469785453191434,-0.008824255031868233,-0.008109570946544409,-0.02438469756661732,0.24351380763164343,-0.00675871372459369,-0.00747072236117674,-0.0262915560942929,0.01746275293044164,-0.009174536858267857,-0.011406665982349296,0.0030378514054518746,-0.04390060574121435,-0.008264880331353197,0.01847432907197799,0.6460252343258617,0.017077513417461887,-0.023501628889334825,-0.013523390287900838,-0.025130782551059383,0.00953746654522547,0.006211108344132299,-0.01833621329797097,-0.07125254558832239,-0.017666570879555366,-0.01576092108314242,-0.06376429835290764,-0.0036889938255626475,-0.01715558052273991,0.009198065935152044,-0.002594024431402886,0.2791992214044967,-0.12236351281535462,-0.01659871171341365,-0.00530176304005181,-0.011293304092760081,0.9068823637035166,-0.013383887959207641,-0.5604160848215543,0.011015410446816531,-0.001030717910907697,-0.016534315356693696,-0.018172345424318337,-0.015365320159617113,-0.024561234586599312,-0.019940945262533205,0.0004403811158226745,0.01586245940234221,-0.019056118405501365,-0.030304501457976585,-0.0471697540842797,0.004816273263259063,0.26388553532933656,-0.005519888887647539,-0.027668091100167658,-0.003093842231464805,-0.002697128406907723,-0.00849735535553009,-0.01132794409068083,-0.004905647290115667,-0.0022741721918464464,-0.011508056958575708,0.0020880088439412248,0.05015688922685513,0.5180526420599563,-0.0019975380218966166,-0.010562111112449202,0.010538309627008857,-0.0056914208362286445,0.006518014466564637,-0.0013082606279795073,-0.0013812686602250324,0.003590184945096553,-0.23204119437468762,-0.018264948808109693,0.48794413868813535,0.0029080774711474078,-0.2671517183641754,-0.016579071318801653,-0.004191519173218694,-0.00023604884336236864,0.004766579848364927,0.1117566126613383,0.012359792392544477,-0.0037240330616441497,0.008561666652894928,0.0007676586119487183,-0.02849799265504771,0.014844227624962514,-0.006351570012157026,-0.009046944369856647,-0.005584725792687095,-0.02423743045073934,0.02519177534577466,-0.01277614152240858,-0.008853553800690861,-1.1678723712993815,0.014804253588408756,0.0027424288086876913,0.01835469473599005,-0.007210124355196967,-0.016707110001334513,0.0033195922906088526,-0.009100040786847785,0.01350151963015378,0.4258144665686814,0.01631321673266939,-0.004789240717400389,-0.007044461080113251,-0.006807436574490566,0.01626025854056934,-0.40376873458990303,-0.02312482198510679,-0.02580717235832708,0.02711681067921745,0.012194851983025501,0.0385739867861048,-0.0051647382068154,0.23146618286500598,0.005493115188073716,0.07135412579009426,0.005947132260189392,0.008306879798283262,0.0038195093629838084,0.054626859695417807,0.009574595954518372,0.007694685567457782,0.017456252071497147,0.0113717168023868,0.015805961415026104,-0.0065743367367758765,-0.008705699239726528,0.001363057755384034,-2.200114613515325e-5,-0.010047867171579128,0.345432404685198,-0.008912322783089621,-0.020572113569869543,0.1341576103659463,-0.004773900565851363,0.0017745987336184044,0.012869849268099642,0.007195181360202696,-0.013984968403065068,-0.008697789945472323,-0.01976122672613201,-0.04058598941219316,0.04215468458369287,-0.03303973007496097,-0.009807074332456978,-0.014040062902495265,0.0019447285505975742,0.012279182597922045,-0.01718642753576205,-0.00982625671531423,-0.024975428928883048,0.0019262381919133986,0.006542716374497104,-0.020573825200699503,0.0021240214089175424,-0.005832439735968364,-0.014038694069313351,0.0010284783884344506,0.01342010742053823,0.031704687652563734,0.006058842955098953,-0.027410162877913535,-0.007843486486308393,0.017388045274856267,0.006262621229325305,-0.09974310480902204,-0.02661033914091604,0.008052133829551167,0.1495146997167467,0.015854214395403687,0.0009511601081158005,0.0012418589965363935,-0.02233703535625864,-0.2661816838078721,0.021752011213720834,0.018165351681091124,0.009749548585773482,-0.03324817232760324,0.041287772881332785,0.02544657429189101,-0.0027446352210063196,0.002642202258357429,0.007078134677385606,0.022060180472180946,-0.04006594173006306,0.026939899327771855,-0.0038010341422705096,0.001796491255845467,-0.005304398167936597,0.008615161249053926,-0.010788844693024657,-0.3299661839653254,-0.02503613581393438,-0.01271409922537714,0.006902162772519205,-0.049421066672948655,-0.009562112423736835,0.01025890244909533,-0.012290685860534722,-0.0029046061890767305,-0.007388419011476799,0.07456353217048672,-0.012740769148877007,0.005777391492301831,-0.018718929037959242,0.0075951956623612205,0.009012829348193918,-0.016399163214373402,-0.0016025656204874394,-0.021942210069937573,-0.011605473851886927,-0.014248029731788847,0.002265766051095852,-0.009557560376379115,0.035313945789766876,-0.031718911187908816,0.0048253975801344495,-0.015547557422905811,0.01318855406111652,0.009025069075050851,0.03603386292888899,0.011460264935521991,0.0034984337580681313,-0.015658729847984887,0.002460715615711706,-0.1363804964494193,0.002513111553298586,-0.008717895268091524,0.011897032554770703,-0.05330607553264599,-0.003269390062087041,0.03566531919022964,0.004506797090471082,-0.011564819572413398,0.0049370036176696885,0.004358962463811622,-0.006670447353371856,-0.0036860284183148906,0.006100749582856224,0.010657136511326826,0.0009659136057962314,-0.04568916410971724,0.021396827407443197,0.0031726387242088094,0.038631512391020806,0.0028237450125061514,-0.0035547317772852693,-0.020531594106614648,-0.04232206370943459,0.02355878653270338,0.06352350598126577,-0.015718272721869653,0.013831900610512093,-0.001542502792290179,-0.0058002072811405014,-0.03049951599950873,0.006987367416058987,0.04994802642886498,-0.00936946286856255,0.015734144865746202,-0.0015041087608551607,0.00541495643392409,0.020793569445231697,-0.01687878636585083,-0.030816027945775204,0.005950779761406011,-0.015360198101348033,-0.08621488058633986,0.02098461722198408,-0.00414031346417687,0.5552160904007906,0.005339679172720935,0.006139020614682522,0.0018860537070395367,-0.00949592120014131,-0.034185565304142074,0.04788388199813198,-3.419762838063889e-5,1.1752015476249045e-6,-3.9874779357518264e-5,3.55569056351146e-8,1.8256023497364993e-5,-0.010150841915219644,-2.122955402028559e-7,2.9246176764363696e-5,-2.7683086798901968e-5,-0.011751609277098396,-0.0009196931192860802,-2.2607225177995183e-7,3.7201689275789818e-6,8.669226034263566e-8,0.01514239447988075,9.403845481203987e-7,-1.5479629037473686e-6,1.1892145268532772e-8,-0.006844863946639634,4.885711028634887e-5,-6.272086497727258e-6,-0.007244235856546766,-4.5324960581183404e-5,-1.4861617937400595e-6,3.308812517843762e-5,0.003632125547483156,-0.004757966834858962,1.788369370903098e-5,-0.0001566442946661084,1.9886110152356196e-5,0.0003423388878474043,-0.09304997933213599,1.2265083172008362e-7,3.928307474865278e-6,-0.00010890341354752309,7.928490110969966e-9,-0.00010720549249754185,0.04271449043130815,0.0006348796423480962,8.025841195628824e-9,0.0015478358009204385,-4.4058303255711806e-7,0.049952170104006655,-0.02809708352197049,-1.2046069035320794e-7,-0.011346420214522368,-0.000332232438694291,-0.011046685333667483,3.263464122271742e-6,-3.3737738763806036e-7,-0.028878498613266856,-2.072982838541293e-5,-2.4389078967512745e-6,-5.001762053424841e-5,9.398878145217004e-8,0.00031934198369754085,0.028323662723778398,-4.697948681187114e-6,1.0654343189031579e-5,0.00023921185365338715,4.674919105995823e-8,-0.09324979628217989,1.7071673735248594e-8,5.260102204918127e-7,-1.2721490664224788e-6,1.6974009297079928e-8,-0.034824656509954366,-2.0212269802311056e-8,8.15524650521482e-6,-0.0010386276862277555,5.465647337932894e-10,7.152130818255387e-6,0.0008353313895739234,-9.857650553612984e-6,0.0005412742775376955,4.463587530145752e-8,-2.936781760831675e-8,9.034468134022644e-8,-1.877877012468332e-5,4.6725928548596585e-7,0.0006981523276294865,-0.0001442881072932778,-9.694654787839596e-7,-0.0017832636908678978,0.00021164044807164828,-5.190241090247127e-7,-8.886618826364767e-7,2.2697466563137425e-5,0.000802755476627226,-0.011109932274848688,-3.861024185480844e-6,9.188593247388965e-9,1.2745913476663873e-5,4.606291448938649e-6,-1.02066075271523e-5,-0.0003915746077325366,0.009262882075859125,-0.0024496728632925624,-0.004479226805415237,-1.1926233393300123e-5,-0.001391557531349008,-3.064336018354652e-5,1.4198485143168682e-7,0.11483743965800386,2.326377352649539e-8,-3.975233121167321e-5,-2.3031448131982657e-6,0.03949255613179048,0.00010861866736888715,4.7057030100328134e-7,3.5890761846957275e-6,-0.009299916530437713,1.3767288895571994e-6,0.0559499818700715,-0.000662944005313193,3.2434187129393166e-6,-5.326112639120195e-8,8.961854489411558e-9,-1.0781253286240577e-6,1.9845829970707718e-8,-0.0017048716032093125,-7.366554000132197e-7,-0.25778620401615626,7.380777635335872e-9,0.00011601188821686037,-4.734060943256679e-6,-0.00012049926992574456,-5.703915270327542e-6,0.022932380521524465,-0.00028471790979267553,0.000256205860296177,-0.0030218970653663746,-0.0001146313995974424,-1.2352489145439627e-7,-0.0013451027841711038,3.5262759811097166e-8,-1.0846210395376588e-6,-4.519571422534341e-5,0.15950992207945092,4.070791751603631e-8,-0.004354788396085496,4.5607333132302585e-8,0.00014903582874126187,0.06917768737912411,5.186336213824916e-5,0.0005118115620916797,-0.00021780542101623723,-1.2421550479868593e-7,0.12230911326969363,0.002868141831527282,-0.0002122139397471301,0.00027471926527411483,-8.937896408767187e-6,-3.1611490225458283e-7,-0.001119995453905176,1.9278054581572945e-6,2.419028592021144e-9,0.0844657791692498,4.1912647963382454e-7,1.744180415919061e-5,9.60451123472282e-10,2.370430771891918e-6,-0.051154869273887016,-0.00023790262490308578,-6.046640724122199e-5,7.242137789117975e-8,0.00027794147041859674,-1.0519873350767206e-6,6.623428659757735e-5,-4.94518526394927e-6,-0.009808180332584016,-0.008523414348019287,-0.00019852992546987025,0.006798508873544051,-0.0002947142332772046,0.0002848564714099666,-4.5993478885009154e-5,0.021069557682494633,-2.3669760942368612e-5,-6.965485833454466e-6,-0.008399548214583774,-0.004049691377531417,5.816023967552403e-9,0.05334805696111289,1.0240883254297728e-5,-0.09507854955882067,2.4065385337279643e-7,4.334184982024425e-7,-1.914746248665722e-5,-7.817283287359089e-8,1.011954224028333e-7,-2.7028075075263835e-6,0.04646470241004863,-1.0923474320634341e-5,-2.1571615956617052e-5,6.0960795991604755e-5,-0.002119227154764758,-1.0361720775620142e-5,2.2130615491555705e-7,1.898711963488342e-7,0.147078214740759,4.6908048870974994e-5,3.105214496125497e-8,4.31632093018941e-8,-8.214662170491493e-7,6.750793192233928e-7,3.5065747608364894e-7,-0.0006964495889576483,-3.5898543853107867e-6,0.0024831070768414065,-0.00012031271128165599,-7.255318077437067e-7,-0.0916775436462558,1.916021691084069e-5,-0.010692763047927656,-9.695041843116314e-6,-3.5038372190321354e-6,-0.002776595289446959,-0.006097688466979889,9.827167628539968e-7,-0.011764157407014864,2.0180772963840354e-7,0.003807465054705972,-0.0023840501698941807,0.00028742579934259993,-1.0557981067194078e-6,-4.42469535357759e-5,0.0006201316329281781,1.5519271141795077e-7,1.5257484506717156e-8,0.0003212427592416134,2.3306529742597726e-8,3.1959772909040396e-5,-4.9392342091891805e-6,-4.340533863533835e-5,-4.5512402571668e-7,4.322873617228218e-9,0.00020206446583870274,1.3951846557919145e-7,1.2716671722590167e-8,0.040362650814131484,0.0006649653494150698,-1.417100835288121e-7,0.002232045168057084,-9.883047781197862e-9,1.3844249874273018e-7,8.592658347339466e-5,1.6798762372260967e-6,-1.2574510469320899e-5,6.151224056338833e-6,5.225837547001566e-7,-0.004415660873746674,-5.972264913722825e-7,7.025302022241331e-8,0.00011968603741507877,-1.6174987773620586e-6,6.746971503192312e-9,0.0003602483327824757,-4.169424853373016e-6,0.0008413959981226071,-1.7987953423448388e-6,0.2882651859908947,0.05147844457133033,2.7900595692305352e-9,-0.00037682571577590807,-1.4966258408272148e-7,5.226386493584201e-7,-3.97482197644905e-6,0.00035730351305574004,6.886751017544379e-9,-0.0030661677744205917,-7.010200932189292e-6,0.000243624819603383,-7.166457925700254e-8,1.2499066241213053e-8,-0.011577708881759463,8.244120929673526e-8,0.00026139019490756255,0.03076996832896839,-2.7998206830193162e-5,-1.2306463056943606e-7,2.4148223332076668e-5,4.6897567927608325e-9,0.0016977175940837697,-5.9769110674068315e-6,-2.8959946087037114e-8,0.005225938233706984,0.003821255312502103,0.1686249088970726,3.833357082871913e-6,-1.0512767524561983e-6,0.001630800875773275,-1.3855811216434422e-7,0.018364024873790186,-0.018426467412155034,-5.4310165225501805e-5,-0.0006946214945742213,4.560014141893193e-9,0.01435869399369949,1.4939344167123891e-9,0.02190637004969176,6.941481947109196e-5,5.712658788722957e-9,-0.004765486650072148,-3.8358082282918815e-5,0.002828599386134556,5.955152542203024e-7,-1.6371161694728187e-5,-0.06402756441184465,0.01340366980412,-0.005398674170010054,-6.585418929461184e-5,6.803815609003616e-9,4.394100818760904e-6,0.0019736491167918757,-7.875484516750575e-7,5.746764966023735e-10,-6.80689726699768e-5,-2.013873854167514e-5,-3.711685677421084e-7,-2.8532721705332165e-5,1.1205741856201712e-5,2.2856424666340205e-9,-4.3319587099688306e-5,0.00011972418129602147,3.790189800033372e-8,-2.587312128987662e-7,-2.094219382264839e-5,1.123440893369132e-7,0.003159298505465813,-2.2664327612886837e-5,-9.932513702182177e-6,6.020565550812762e-5,2.84358249125205e-6,-0.0001233662911204192,3.062296689837485e-7,-2.9880425925110643e-5,3.8666042409540857e-7,-0.001266414341159816,0.0009604809237657719,6.227897899127588e-8,-1.4029827479777879e-6,-2.3330401557331015e-5,-0.002497040436765019,8.358205446867828e-6,0.0009886722000373993,-0.197613811958945,-0.0004729058618693216,0.04346845190957538,6.062949877261303e-6,-1.4388310986213071e-5,0.034622658904481796,5.616052439066932e-9,0.027302621076159994,-4.680413118185456e-6,0.00933227607038134,-0.006358431833177747,-0.0002688961711214688,-0.00013010484667574929,-2.104954532233805e-6,-8.764732176302914e-5,0.005883215270728215,3.602666868579574e-7,2.438804302604125e-9,4.118765284779127e-9,-7.987364680417386e-5,0.00047891609876593577,-7.380432335279963e-7,0.010113039784755529,7.651517649476247e-7,0.0025790829976131135,-0.04801135054913175,0.0777921156100092,-0.0022750902982693333,0.2118603111593984,8.972105869009539e-5,-4.171926407808835e-8,-5.312543978064355e-7,0.11351122212045084,-4.693904160468776e-6,8.147240968675584e-8,4.522034275083065e-10,9.899382297007264e-6,-0.04911520811947412,1.9479643611708397e-5,-6.258920132867773e-7,-0.0016600071416075224,2.8006503640654046e-5,-3.0526805416819514e-7,-0.011303871835480095,0.039160415493824985,0.00011113377841454053,-9.447781172866598e-5,-0.0649055598491941,-0.0008131632994832216,-3.594792528371915e-7,-6.808214430848586e-8,1.1761297107337754e-6,-1.5193632663113021e-5,-1.2564664581687923e-7,-0.0036924169521626027,-2.7605484867465613e-7,-4.99489867600289e-6,-0.17339105837527313,0.006791846279043057,0.001789624775028642,0.004538974134561613,1.3699295773328402e-6,-1.1498293493783507e-5,2.8557873288370672e-9,-7.396518610036651e-6,-3.42282672205485e-8,-1.4927174538104104e-8,0.0013273088611924777,2.2116343388611792e-8,1.231522273265409e-9,-1.4172564904990637e-6,9.714508052427462e-7,1.0526569345359338e-7,-1.7499855763603023e-5,5.6969587613336925e-8,0.00014834571445021538,-1.1537587949916883e-5,0.004853324175201124,-2.8182104561125243e-5,1.3082252948048989e-5,8.473833940758624e-6,-0.00030410262550617517,-6.848444936147224e-7,8.968170236989259e-8,-0.08645982149209885,5.1649230660595624e-9,-4.452490312445434e-6,-6.807004594122645e-5,5.846033128507205e-9,-1.151936184129454e-5,-3.442108183204784e-7,0.024176003447792027,-1.76326265199922e-6,-1.0266913715639703e-5,0.0001944265956979052,9.57910712529042e-7,3.8557313303044793e-5,-1.4851970050244745e-5,3.5072077533837565e-10,-1.1334673699625597e-7,-0.0010178914366179015,0.0002889123587603848,7.681685965706814e-9,1.4377884027805266e-6,-7.321938953197549e-7,0.017097719562116254,-0.0011490636807138799,1.6909744739428828e-9,-0.0001730382459328439,-9.875428939487563e-6,-1.2784064418180918e-6,-2.1345196898892027e-6,6.219187821088212e-5,4.602777277373793e-8,-0.23795588015855174,-2.406861201365018e-5,1.94421454075e-7,9.898483716280077e-9,0.34244699855048566,-0.00025828696448115807,4.393765474716704e-9,3.9634547113753804e-7,7.5997616502121446e-6,-1.1546253559369113e-6,-0.0003364400292866776,-0.0028088701239994407,-0.00023838088719685402,-0.0018521627687277942,1.070038733834433e-9,-0.0009861249342577594,-0.0497295316963573,-3.7205061492739944e-7,-1.5176433670188727e-7,-0.11291888311461662,0.03194462610917981,0.004823422779281827,0.0010763363608248255,-9.357598919734755e-6,2.6420544781483035e-8,-5.122999116036198e-7,-0.0001342264194619247,0.004169044268564903,-4.305950353256094e-5,1.8179301727316854e-6,-0.17955993559553463,-7.67313237304279e-6,1.4569292589028393e-7,-1.8440781025530484e-6,8.784820824114803e-6,-0.005912499500027479,8.004782720005821e-8,-0.00017719653818204506,9.195738654987906e-7,-0.0002123349566147681,-0.05316824299552536,-0.0012799383252968255,1.4708663442775105e-6,-0.016222131829636055,-0.00013647506511915708,0.4840407050141948,-0.00011194223600341502,-0.025274103357332933,0.0004190072985466031,-2.7590335882621275e-6,-0.00343578672482181,2.5403684520419745e-6,-6.9943249629556e-8,1.9341754372605158e-8,-1.116318432525798e-6,-8.60688124859621e-6,-2.225281210133101e-7,-5.200170232755319e-7,-0.08460962125354854,-1.1761767163775971e-5,3.1136911694817915e-8,8.438436860380705e-8,-0.05007110216183719,0.0011266608862001704,5.916457406840436e-5,-1.5021712389262643e-7,-4.544284718477343e-5,0.00014684750361038112,0.06900141214282485,0.02295242222089655,0.0020443404550860578,-0.0006838631439762821,1.5675117396576552e-9,-0.0015236190808991523,1.6452221558438396e-6,-0.0006242374660132555,1.1325219985425239e-7,-0.051567425225584884,0.01946376284507778,1.1570093006590954e-7,-0.00017583088863659668,-0.033078542709063186,0.002704179787542671,-1.6436505867467588e-6,-0.00017939763343122195,0.0007701882321811127,0.00033460178778454974,0.0006517716749883107,-3.052133770609089e-5,2.593750796434091e-8,3.0650078666760727e-7,-8.049834312462423e-7,-3.1804788878098122e-6,2.584082096773743e-7,0.00014780411512305136,-4.0106551875140894e-6,-0.05366932797005575,-8.440795934427925e-7,3.2681584966054444e-8,-0.0010782681692944607,5.5220987213444594e-8,-0.00010831347150563886,-0.0001978106617031017,-0.000708226449603444,-0.004071499236715681,0.00014186313151753893,-1.5037395386663377e-5,-6.0635091092109406e-5,4.978684223777563e-7,1.4886060203167517e-5,-0.016135459950419317,-0.06525172597321216,-0.000709389690939588,1.6502704733994955e-8,0.06867850045091473,0.00031878194941725724,0.001571370873534761,6.066636453611052e-9,-2.2283195604266837e-6,-0.003230636472835613,0.00012741232680291148,-6.11750472678807e-6,-9.238529253607908e-6,-0.0004244919136624503,0.04828465237369528,-1.8094835677051613e-7,-0.010248622493236326,-7.95865284697328e-6,2.8738820603280146e-5,1.6055551443471677e-9,-0.004945519568650525,-1.2936933566076725e-7,-1.9767426026273682e-5,0.04790092841722071,0.0001516811197319612,8.304708446082998e-5,-0.00018590291213627097,0.0594968839966441,-0.00015088426421527856,-1.1967366345899677e-5,-2.081255538244342e-6,-1.7478068969012384e-5,2.3927799622323193e-9,1.9511892736939762e-8,2.748769384197658e-5,-2.741641131009942e-6,0.020893008029815974,2.5790404369896436e-6,-2.9659627815092904e-5,-0.020270222959879902,-0.00012073525552125375,0.023365026507235598,0.00027268541809633007,-2.2223701634516146e-6,0.0023449601529748065,8.15469427948301e-5,4.5180892094265346e-5,-0.0038763550837757066,1.272913989325275e-5,-0.08448965833486,-4.3060616661261264e-7,2.913599163378855e-6,-8.36169331286385e-6,-9.577656427950387e-7,-5.783154686800351e-7,-1.3355564348671578e-5,0.00010442519413089713,-3.953266337397565e-5,0.008341729771473183,-3.175789700105014e-7,-3.817431393660087e-6,0.0017211229151143925,1.8802469328171867e-5,-1.957909182448425e-6,0.019260940591266262,3.4212151553414394e-7,2.761052241007089e-7,-1.6204579905476635e-5,-0.002722713775551,-0.0005248837637452652,-1.0879331128421654e-5,-5.138828375939042e-6,-6.553714234913688e-7,-0.004243247714612153,-8.300367518865315e-7,0.024171128730813507,-1.1861658984202439e-7,0.010846115651929722,-3.404606850665459e-6,-7.6966347336338e-5,4.150998128126665e-9,0.07130289302449455,4.23663683761788e-5,0.00043744501135734026,-9.464989887339459e-9,-0.19380683750114258,-2.7781303345297825e-7,-0.03784081331843936,0.025870434281387134,0.0016552503181230804,-0.00016161194795927258,3.7182237910132754e-8,1.3481534906489845e-7,4.135920994796649e-6,-0.00025714647873087415,-6.385099630534796e-5,-0.09240089262402762,2.3477371893787513e-8,-0.00017481221800608182,0.0017098024788992916,-0.0002311882441006219,8.727593865831551e-6,0.035079854114883346,0.00019787563132922514,-0.00014285783615974879,-0.00032656280188803066,-5.7746952592196976e-5,-0.09328886897856137,2.989595878320761e-8,0.03833077145876018,1.8663482468372905e-6,-4.888370273153919e-8,3.457059991789427e-9,2.4845363695222278e-8,-0.006769252266849435,-1.26004784752054e-7,-0.028767601414074306,-0.022621692514803726,-0.12764230390894227,-9.915761006595858e-5,-5.435415324583914e-5,-1.7218741891866784e-5,-0.06148280075285584,-4.161631712573666e-6,-0.00013621309614109123,-6.513397649288155e-7,-0.00017449239388156457,-3.340418190767025e-5,-0.00011988827007769487,-0.00043861999705541166,-1.3502902880269119e-6,-0.00927752678944671,-1.4783666886231117e-6,5.431187611648625e-6,0.00012655972318498243,5.742180063350588e-5,-2.6810027740908904e-7,-1.880137994625386e-6,1.2355658564149313e-7,6.803374512198701e-6,2.825623405394717e-7,-0.00016188349644608024,-0.0015125558224156066,-0.0004510925577960734,1.3794788279730685e-7,4.902859549571481e-6,-5.122521707789929e-5,3.11094773726428e-8,-0.004282200577392814,-0.018734378535100404,-3.8969727256699116e-5,0.0027633988440811663,-6.261748250135923e-6,-6.204774224971565e-7,-2.4801669255225534e-5,-5.3116488405891005e-5,7.904919200121818e-9,0.002347889665315961,1.9567445818324813e-5,3.1111196516220296e-7,-4.867893832818937e-9,-9.574618642993471e-5,-0.0011228028600953621,-2.281027145084602e-7,0.02436463363619623,0.03879898691411654,0.04961284802084265,-5.064030668133768e-6,-3.4557015958114334e-5,3.94500962883626e-5,-2.9073204330098967e-8,0.0014378046992078453,6.680781508301009e-9,0.00023393822151263066,-3.743723472027227e-5,5.726235770275867e-9,-0.007654883660393352,-0.00018050227006938258,-0.004871215923685668,-0.02959924971946748,-9.141836853493457e-8,2.6186316492982087e-7,3.019525396429426e-9,4.835844576861481e-8,7.561354252061392e-5,0.00010587558698205157,-0.0004792284544237191,-0.0022361044575518463,8.53352768714899e-5,-3.47487979652783e-5,1.0426249752448769e-8,2.024869024452869e-6,0.000249887608177346,-1.3912377798686038e-6,-2.1749406020177275e-5,7.486633306541535e-5,-0.03219964694380906,1.5196974854914114e-7,0.0003787968377935158,0.046433492772848695,5.8804548643820453e-5,4.166680426243019e-7,-0.03480366906114796,-2.9639475582210473e-7,-0.005372744928081374,3.420818950805246e-9,-4.837548774005995e-6,-5.687369757390037e-5,-4.4307533567433666e-5,-0.017551708762312046,-8.499721739640975e-5,-0.021290914498422353,-2.0131359709449348e-8,0.006834900271996958,2.9308362623936546e-5,-8.857644291371258e-7,4.1910659163979513e-7,-0.0005995028876455422,3.587109083014184e-5,-2.7293885338508517e-5,0.0012254267825824172,-6.25298538725616e-6,0.0009650721931961925,-0.008857768384586961,1.00546463827067e-6,-4.202784645457314e-5,-0.018482349413716292,-0.007269670160894748,0.07818819672320387,1.5440126219345984e-5,2.7614524000796337e-7,8.158647439415745e-6,0.011210353185106214,1.8921877561695055e-5,-0.0002605788615142046,1.8221783790295376e-5,-4.724438261716202e-7,-0.0074548048733049654,-0.013954376900773058,7.676822367130853e-6,2.9796582154406615e-7,1.749772562814611e-7,1.0289533279639329e-5,-0.00016739786371999799,7.055041751358182e-7,-0.0003091586492445231,-3.899130516771265e-5,-3.408463208565138e-6,5.005063050234071e-6,-0.008517583490629477,1.3945579212899448e-9,2.0769433106693214e-5,-0.0005088574617388986,-1.0483217230961017e-6,0.0030036319919872767,-2.2519825038092023e-6,-0.0008221794236931146,-0.0010237918759230524,0.3368401592917394,0.0011586972393402561,-5.793418093702485e-5,0.0020772447934405136,-5.5363737814673186e-5,1.8313758584076467e-6,-0.05699936743440048,2.8851335712870574e-8,-0.006710573403097442,-0.0001797134449716964,0.05165351131290663,-4.072342249772376e-5,-0.0020313948997454645,0.00025462536646614353,-0.0010442863278399273,0.09069871949395747,0.0008568885025965756,-0.001570540202351367,0.0010327814045467676,0.00021934898824271798,-0.008663235506674027,-2.488611419160236e-5,3.004653978400107e-8,0.000194713505337063,9.829702424246634e-8,3.9706912453141285e-5,-0.0004557962301259266,8.819220420792917e-9,-0.0004698523756871964,2.2001109307723254e-6,-1.135544196184668e-5,-1.937418721809081e-5,-3.1623464661123535e-5,-3.36833851826146e-5,-0.0028901646570034245,4.5484758285502247e-7,1.2247074682864012e-7,-1.3637012833633833e-5,-0.004405218203828554,-0.0007314325616789574,-0.0010558602487833468,-9.23395896528234e-5,-2.172087382623644e-6,7.0886883012794e-9,3.350745606756078e-6,-1.654988263793955e-7,1.3002037420939416e-5,3.7620923404313444e-7,0.038941678433729976,-0.0019997381254484026,-0.003984670771160381,-0.0014147858848900796,3.890363545547282e-8,-0.00029550248913778887,4.896408716537071e-7,6.498494800263876e-8,-3.157405017439885e-7,-4.957316530607159e-6,4.035429658766354e-7,1.600814450442023e-8,-5.698750966942612e-5,-1.36084309385609e-5,-0.008888251484677312,-6.625349513456058e-7,0.00019551263620343207,6.1430179467691914e-6,-0.003836484275325347,-2.1657519926054913e-7,2.0779478688837116e-6,6.545441273431152e-7,6.958829440147692e-10,1.5752066421237387e-6,-0.11228335953637725,1.863641743593547e-6,0.015892610874743696,5.365991899153322e-7,0.0015592050346429076,3.1417318216658916e-10,0.028127793829298753,-8.622294419069476e-5,-2.4138931056683077e-5,1.959880147929527e-8,7.210074818089773e-8,2.8462216221034065e-8,1.4042691006466157e-5,-0.00025258020477281207,-1.1800299242192835e-6,-0.0006757437413398293,0.0013652911605674944,0.0004499126342194515,-1.480725548397288e-6,-1.3051538997999046e-5,1.0169339327292803e-6,-9.42716726370918e-6,-0.008358922420484305,0.001484874150264659,0.00584579387367512,-1.1934655085865664e-6,2.363568961209761e-9,-3.4111163103034414e-6,9.416252448435358e-6,-0.024453105876091286,2.0012251387147018e-6,0.012487903029978042,2.6891986752985986e-6,-0.00019335319399260698,-2.735544916809829e-6,9.627716675980613e-8,5.357434141595174e-7,0.06613043886864034,0.00010222749554600341,1.3542299647645306e-7,-0.00031486238162869995,-5.573768979971749e-7,-1.9040622231680793e-7,0.00034288297196383155,4.2355356865038385e-9,0.0007577818230970479,5.2773325457167175e-5,2.918235836590899e-7,-5.222989478415041e-7,9.904843801047947e-9,-0.00010943149010245179,-1.5732357652176177e-6,-0.05948447595187645,-3.309831498654603e-6,1.6838050831413653e-6,-0.08215040112918359,-0.000235053174108657,-3.5307603818424127e-7,4.078770444948532e-5,5.353568994018176e-8,5.821912930636941e-7,0.006924049705048674,0.09556901880569058,3.662518231806189e-5,2.245885119805252e-9,0.0747738076170208,-0.0005756340751759126,2.08972057637747e-9,2.015472696825782e-5,2.1259322201955255e-9,6.377908656936271e-9,1.0642114448566886e-6,-1.1246886604254769e-6,0.00042167793353797833,7.420321648798911e-8,-1.8303166370969848e-5,-0.00025279260344746035,1.3910555297057259e-8,-1.7812200855393812e-6,0.0010809586422055872,8.223913501581581e-8,-0.0004407418722394141,3.803221033926718e-5,-3.3482243807725354e-5,0.00149030153846752,-1.275143202070228e-7,-2.4436604636468573e-6,4.0277214992556765e-5,0.07924000467392034,3.5626106439923255e-8,0.3134575403892086,-4.251006184619044e-6,1.9784917437704053e-7,2.881831742268526e-7,0.0185354583481967,3.9353685081788825e-6,9.176332332572201e-5,1.377799800014734e-7,0.0003863916050050875,-0.0488735396102129,3.953888075169942e-6,-4.6571693013142124e-7,1.4914910034691253e-5,-0.0018518635965847352,3.7502575334080746e-7,-6.573530400189043e-5,8.030897477584453e-8,-0.03376176148594823,-0.0006346033013073793,0.005492767384794206,3.4953348394903966e-9,-3.060009968747224e-7,3.271670879101407e-6,-7.637445705199752e-6,1.3068250465098075e-7,8.248711688002563e-8,-7.68600899618832e-5,7.902293448422415e-8,0.00037802541993414707,0.0009984359971895174,0.00012212564752189792,1.1193908439066647e-7,-0.00019030769527716984,0.009793042023375165,-1.5284569904849832e-5,3.457263824183099e-8,-0.00133789713436272,1.2448199669279347e-5,3.621951430332615e-6,-1.1112391670842214e-5,-0.004139594648449929,2.6419664921062402e-8,7.885774159532843e-5,-0.007482639271984226,2.0446776128127397e-8,-3.9063706497310946e-7,1.717499409359391e-7,-5.156932865180153e-7,-0.27737136863834166,-5.94904172146471e-7,6.443061375538406e-7,-1.9388332695768895e-5,-0.0003334405116817152,-1.4209495587946819e-6,3.6664565605804e-5,-4.62865129904344e-5,-0.08520161130400083,2.495533093921365e-7,2.1617824230366067e-8,-0.0006722058459729396,1.353728979802682e-6,-9.318017649917465e-6,3.673688550032139e-7,3.8547754028714354e-8,-1.1712558165011266e-7,-0.059628266855042966,-0.12975539851231588,6.422865943278566e-5,0.00022729003319454932,-0.0025483625513516017,1.5331914971113136e-8,0.07140370410252217,-3.3200924187681835e-7,-6.52373022536068e-6,0.0001659176911843474,0.0005174585234897222,1.4419787829345054e-6,-0.006429007520637242,4.687087598043149e-7,4.847703860555441e-7,7.3768617028235894e-6,0.0072071431087579185,2.833146653391516e-7,-0.05546975954712252,-2.190977135968497e-7,0.056213474534700936,0.0010621732409958895,-0.015332643964939052,-0.011061701318794803,-2.549387720596208e-6,6.850804217667372e-8,0.005166879796774992,1.6344027153891716e-7,0.0001755432038237359,0.07102341547215474,0.0012318691528889758,1.2035015598682586e-8,0.07140674437960115,2.079644045513418e-9,-2.7494928145355146e-7,0.00011135862064293178,-1.1362843432838332e-6,-3.681757291401633e-7,0.002884733101382153,-0.6051951135723357,-2.9819627966887197e-6,-8.07371765443321e-7,-1.684431205628556e-6,4.312150726715203e-6,-0.002343840718822321,-4.136727136616614e-6,-6.90011203285934e-7,-8.178897575916722e-5,-1.0166238030073771e-5,5.797539211016556e-5,-5.600834349905881e-5,7.849843086660258e-6,1.6803168241541488e-7,2.3983466157950772e-5,-2.062638059796562e-7,-0.005407588142588793,1.8013669057737047e-5,1.1063066013283773e-6,-4.3094324666981265e-5,-0.0003619300239847689,7.5141588915528246e-6,0.0024269959099001426,4.532395954659485e-7,0.0007201080954359895,1.4568940892578652e-7,-3.953592249583693e-6,0.0016421737866494368,2.7895064351810125e-9,4.9108206438830404e-8,5.843645736547387e-5,7.881014858490687e-7,0.19304363838818972,-1.224046524583855e-5,-8.810870321340758e-6,0.11196101967652794,7.907581632028704e-9,9.999128973148252e-7,-0.04301091598426865,-1.0108206719428026e-6,-0.16434588837273623,-0.0032947202175819257,0.002379835221290705,-2.2937339743123175e-5,1.3503531723912943e-6,-0.052987387687608134,-7.864668648771556e-6,0.003754086577259841,-1.5159969782296834e-7,-0.0004235561214045447,-0.00037219584089598357,-1.3728812433555504e-5,0.0002998081190526136,-0.014537551871399046,-1.5968916761838203e-9,-1.913585704560461e-5,-1.4258875705053242e-5,-3.1124112087610456e-6,-1.0541341946002092e-6,3.156398184955833e-5,8.018846019419712e-7,0.00021999802584105055,-0.0852984151133569,-4.127875341541909e-6,-0.041817059260210954,3.843866095420978e-7,-0.015450920833245618,0.0005408061612115489,-1.0530238242489887e-6,2.323438394036259e-5,-0.04713420808548108,0.004578756692353636,1.3251879318332271e-6,2.077893021187882e-8,-1.320270894211717e-5,-6.83278221624839e-6,-2.0404713202068492e-7,0.00035839229366274594,0.001787741827456557,-3.091368511221049e-5,2.547019501975001e-7,-0.00017542147000426667,-2.084232844201672e-6,5.384873503211374e-7,0.0016889763940071134,0.0002645549747910536,-9.893509888003749e-7,1.6285158457307602e-5,8.362812035315331e-9,-4.3872092639674065e-5,1.3650595243497321e-5,-0.00010658746445102452,2.156990273616266e-7,-0.003474662938970141,3.845512943634333e-6,0.01251012572174659,0.00032606905961074517,-3.449683218248456e-7,4.2844936924690824e-8,-1.4721506512493931e-5,-6.226455073488069e-5,-2.4269745683980215e-7,1.6678863127422838e-8,3.226636825998455e-9,-1.983774216895995e-6,-6.892938796410064e-7,-8.922359448071404e-5,-0.010741599784523714,-0.004878091502177995,-1.2075973348402158e-5,-0.005359229984605918,-5.786002920338262e-6,3.8911388494655696e-7,0.013733178328038775,-1.632951253416337e-5,-5.299160651672796e-7,7.478802221072556e-5,-7.844012557001179e-5,2.2348552550233158e-8,-0.11093578168947715,0.015298833495762665,-0.016908782397877076,-4.887159842370536e-7,0.00018447679377686654,-5.290276563929552e-6,-0.0012840887490597197,4.463722455896879e-9,1.8425712058345312e-6,-1.063468957340774e-5,-0.00010800888230733108,1.1476738649207618e-5,-0.002199632285737607,-0.00015212647372209176,-0.05423936003353447,1.2261005320757246e-7,-1.1467866135816962e-5,0.001030666150199977,-9.966336604438908e-6,8.797954484385251e-7,-0.14106015546713024,-0.09180576156359166,9.526250487112975e-6,-0.00010253077087440943,8.222411292946319e-7,-1.0620716197173863e-5,4.328239214604346e-8,3.739089107779314e-8,-1.917726569072853e-7,-2.9016230769229878e-5,1.0657324295976212e-7,-4.201995557062688e-9,9.261246900482689e-7,1.8016489695526355e-9,-0.00017439372027183708,-9.512611779172175e-6,7.191628930910965e-8,-0.0008394045831323638,0.005591805369476788,1.048768678402201e-6,-0.016047642235207604,2.1016343521723657e-7,0.02152964664128376,0.004101204797279934,-0.06340701629233081,-0.00016083420210577515,-1.3313589837249395e-6,3.659592991492322e-9,-6.966270436059574e-6,4.828006157642228e-7,2.2603206020202146e-10,4.474372552326633e-8,-0.00023145862496676273,0.002618780026296008,-1.3567159586891364e-5,-0.12280951059074141,-0.0005609999627154139,-6.055521115100326e-7,0.00023801634920062043,0.0006919291781741777,1.6195594429446736e-7,-1.209228344745128e-5,2.078743199449007e-8,3.094083968636224e-8,-0.0013340991829409177,-0.00042059102941038873,-1.0309395460872395e-5,-1.1946886798591683e-7,-1.3823726476402953e-5,0.001803550636395812
-0.10320554208738031,-0.013470763497991811,0.01457334287761114,0.002498263876987039,-0.0008434005894741858,0.0007539617181464564,-0.05184957369328913,-0.007063117391226115,-0.0481459201009784,0.006696144215311506,0.008379518436981925,-0.25005659481212206,0.02342307631698759,-0.0035852402197633637,0.007196025266239303,0.011208453912331606,0.05310057211545427,-0.0037581417245746707,0.02253389434189046,-0.009396243695732664,-0.010672482344944001,-0.00635739172000882,-0.011040925657653133,0.018852694355700805,-0.009356209997349652,0.22438509350013192,-0.013240618451163755,-0.001051846254767952,0.0009069338975677965,-0.008461713894121203,-0.02834489584347466,-0.031181946287688334,-0.01387334426635789,0.0013134838382029557,-0.025446373175782355,-0.030814107771220733,-0.042580940015341184,-0.012118793434183317,-0.022761639369491604,-0.0527061063930887,-0.1397204024877965,-0.3486352098507268,-0.0011048655796912499,-0.005295184853821411,0.014084950829783338,-0.0325696322524891,0.013170230418836582,-0.0006852738124507596,-0.015839964336691992,-0.0035123621300954255,0.01596968074727556,0.024666238410645747,-0.041598382566007785,0.00016565003559776414,-0.03656187457818305,-0.03972328394320357,-0.3453635019595822,0.054431745535111986,-0.153090641284507,-0.026084585410899308,-0.07834328126591572,-0.008118044414857195,0.010993725045864267,-0.011774059780236712,-0.019550546692698845,-0.11264029253652552,-0.35476824446413957,0.003158182527158715,-0.009176276069116085,0.08598105061537353,-0.0017007832411763957,-0.03718812105489633,-0.03521925165568973,-0.005891909938554818,0.2223892972692738,0.003412504383959458,-0.06710712040148792,-0.10274150861187081,0.0055872773700684775,-0.010366999005782418,-0.00042590890947735716,0.025412272029001315,0.07225250587180199,0.031077265617568628,-0.004438248118503907,0.07119568310281466,0.007014940571366424,0.012644210033840864,-0.00955098425398937,0.013043975165601296,-0.01352607009721396,0.0024548840474380995,0.0010752416483228444,0.020125851834336572,0.0012376346871860733,-0.004320005729823606,-0.010462692529017659,-0.4465639943846327,-0.6933609916759451,0.02616730717727478,-0.0272444540091783,0.0027523757926246617,0.004280552677300875,-0.0033852973833745637,0.005070570881798631,-0.05318758782777877,-0.003338797528158466,-0.002141226567459853,0.012340014448000147,0.029223774944057368,-0.18454156220953166,-0.5096821527531574,-0.04038107255337309,-0.028746140838848078,-0.002588640656995267,-0.06959373645076994,-0.01154966000103741,0.02080971949180821,0.0019432642438914627,0.07565174322758139,-0.06860391837653879,-0.08670866545003264,0.10188580397698388,-0.010974685876817603,-0.00515864519184106,-0.05484949259516725,0.002787806739434018,0.03077883418336569,0.2021094107594763,-0.01942907951251982,0.04523266174328455,-0.00940193807855394,-0.05400957307210774,0.01349873002698132,-0.008313480103183224,-0.1285846058617608,0.021715131445489533,-0.001690862968644069,0.026389648535314336,-0.0009592849478394783,0.0026689309638641134,-0.020107177439967927,0.025845962844869064,-0.021159916173019155,-0.006178412475492223,-0.03719332141736231,-0.01112579183416429,0.0512483656330005,0.046838817912430386,0.003172512533637928,0.044636131494598885,0.012466769689126522,0.017916447195602814,-0.028169130517198937,0.012693865172650476,-0.04405093807906724,-0.004108377445163569,0.025053256761111697,-0.008688658478604339,0.023199981147627113,-0.008313015762723808,-0.08387910757392092,-0.016175242865642758,-0.4963417166709405,0.0014239064848879934,-0.0033212057808222895,-0.026234555737573828,0.015540381029950368,-0.0022110226436780067,-0.008456168133761821,-0.04288662724229653,0.020889231700834898,-0.024298367763549322,-0.018237805299406773,-0.01566201820992319,-0.04461845928653929,0.023036064265397727,0.06072844269874622,0.0263644280794324,-0.009358294175399351,-0.08691947115858056,0.037055410083667084,-0.018549363620877557,-0.14374513702932745,0.014488453460216988,0.01630194964036491,-0.03869197383892242,0.08449342732569676,-0.0007001754638622515,-0.011895472141077335,-0.023816323170336773,0.017258182039768144,-0.06307167288787241,0.02474352342937891,0.007158592779433093,-0.0070526472225083126,0.12959635587867524,-0.3717443517771244,-0.024804064496720457,0.013487153472624414,-0.041343033304656274,0.05342503689689693,-0.023377916626486694,-0.07115036736649927,-0.5768662636255613,-0.02197942199109093,0.018177178159930918,0.010223384769915356,-0.02718154188119115,0.013326304111615173,-0.02796008391351279,-0.006073444457342703,-0.023946364472521964,-0.03839899584340856,0.018865609897147806,-0.002394823561985504,-0.11266258602245216,0.01238200870102446,0.01546395530931477,0.08842345466109691,-0.013107505712468992,-0.014015419064890011,-0.02110850059943914,-0.011184604871232295,-0.025693534529182216,0.034667385227066916,-0.005294368289014528,0.016587136318321427,-0.0060178378575983515,-0.0043639140551476885,0.0043465223332077585,-0.0034727204256341793,-0.02172412071513463,-0.04180018541137542,-0.5556287657532266,-0.24428329204238253,-0.026964471013343427,-0.011326031037242501,-0.05025391123717782,-0.04516343447721738,0.010394950308636908,-0.0030132119409245206,-0.03321830886852695,-0.025200729445714387,0.03161968855965824,0.00013992050571687287,-0.00894094847899396,-0.009684447115887451,0.010132318544037844,0.02967229566820606,-0.020386626047638856,-0.09233096272510011,-0.02778061397066267,-0.10786313854077889,0.016557435401409748,-0.012590964184710174,-1.034679038871218,-0.07469261731148436,-0.024437708718323847,0.027248722612057463,-0.03393431365793731,0.07630405025702203,-0.0014445060971866042,-0.022948139888285368,-0.16461556905608177,0.007819978131919925,0.02230913941457402,-0.03256600405075005,0.02083716084507614,0.07443720206038051,-0.014853280587431072,-0.3255603532688838,0.00888406940157438,0.002673553963518316,-0.004309969720907247,-0.07305996443665208,-0.07274741488890868,-0.016505009813499782,0.011773007366628008,0.00026111573789222575,0.007242203041641915,-0.01830515166739133,-0.0049790537464105,0.041320235601233435,0.004633977692719782,0.05049951043474721,0.010464511675763788,0.017617954148590798,-0.05815766884916229,-0.006630513732488907,-0.02386948510502407,-0.034544742191570776,0.003458550255913906,-0.04497168375928595,0.06735604894493008,-0.3235571966883981,0.018123893363735988,0.022206088223356346,-0.014438124449952738,0.0029286551275617967,-0.027513700582403544,0.04103877594752703,-0.5238006226900325,-0.0025403347453902825,0.005021579507229035,0.0052609150916396175,-0.12193444600745806,0.0051915648969043104,0.007995711097805724,-0.041349571541104524,0.007526379336013633,-0.024113890861826803,0.009100048242089542,-0.010136421556580899,-0.0438403033231225,0.010819712199918285,0.0065856533681198925,-0.01946430982519587,-0.023849260170209163,0.005404511186327454,-0.002893066754040774,-0.018368022363006276,0.015333844543874875,-0.010371736608249194,-0.8848169525208505,0.0008296084052972219,0.02692804657453962,-0.6079690599137848,-0.05264729600730789,0.0013145250477464288,-0.011458113403932657,0.00891513369151653,-0.009986649312395457,-0.008422643851645262,0.019229770692163584,0.002155616266918514,-0.0067772790125673055,0.023866365856520133,0.017025356866042785,0.009913597069498792,-0.2513620494391944,0.010820995013091306,0.005822827341489756,-0.011836154844786506,-0.011589462217102664,-0.08501033294623994,-0.009530058640621064,0.015372955667231736,0.06564200619322946,-0.015719308430561796,-0.0006687247207537439,0.004135287594181136,0.01923756894939288,-0.20930038278856955,-0.008360419062228175,-0.1828491316518921,0.011828800915623106,0.005509778611667571,-0.22622052819497185,0.01906488586712385,-0.004651541477869614,-0.025682318479084643,-0.018539342765393485,-0.10757249510243128,0.034813944581145506,-0.011914622047470402,-0.018939801819215063,-0.03826770540581492,0.023027947457649134,0.025125012949047232,-0.25796786706177954,-0.10117849340622342,0.008689732445418485,-0.034367241236907375,0.00421764762455723,0.03460546972564771,-0.0032192348407988902,-0.28932013490975805,0.010435156123946854,-0.023928445279011612,0.06801483474555425,-0.029694901603761537,-0.015402055681988713,-0.049912647235487384,-0.025359845760704047,0.011356453860116744,0.02930807431039284,-0.01739542803807126,0.0021229645576568146,0.006712375186452846,0.0029524018061692914,0.007278457625943702,0.01282172886214994,0.01071415090177652,-0.019748194512430928,-0.14881465144729766,-0.06608562009569141,-0.0527259546724963,-0.017272413995215175,0.014867054869682761,-0.0501493093870522,0.01748564681042808,-0.004399316791932506,0.03692561363823188,0.015338960805820534,0.053814605488241796,-0.027204901957929906,-0.016021564957327428,-0.0070579557893779565,-0.010336019373426097,0.02804771960745711,-0.009676984536326927,0.007049353435832018,0.01329581502795918,-0.004597348778816013,0.0004908097705538239,0.012367919955067919,-0.010715113545757049,0.02378080546594674,0.02101722840598086,0.14829797807396972,-0.004191768060991308,-0.01429464085458676,-0.0015084310698512127,-0.2409100451657764,-0.0006796285051677842,0.004578510180152762,0.0006200648044796253,0.005757441459813606,-0.023604904152762174,0.07447819786546006,0.016906191398447845,0.02473327793813951,-0.07866262083916808,0.13117824867549643,-0.19254698674535575,-0.01105935441114525,-0.033299025039923436,-0.00023588187559653306,-0.002169771616649996,-0.22208837843936635,0.0023093570380297024,-0.031988392343350824,-0.005715413978123252,0.04092664826839609,-0.1621100566894711,0.15040153902737075,-0.05822272333921319,0.024520931767256116,-0.022827822812359955,0.011865333704236036,0.012527865835181728,-0.035469138905682485,-0.0011717743658223867,-0.018049444073767518,-0.0135589771720106,-0.00012323632245170302,-0.0025729282465363212,0.01999206237906037,0.004544494327319626,-0.02023284493390065,-0.06784125503081384,-0.01639581813287805,-0.045392369674573274,0.03535858863676822,-0.09930820639692683,-0.041350421332936094,0.02613129767803457,-0.011277433792201919,-0.013204301591486,0.02325180334310062,-0.053770377525324875,0.009932027779882446,-0.027782930471289546,-0.00225840427174262,-0.0005072335648037551,-0.0022760981457849994,-0.014558671286067693,0.052858085811749334,0.003994552961103182,-0.003378592991793994,-0.021255893189334074,-0.024202427618547517,0.006548807187357397,-0.023488807407375134,-0.12652329292359354,0.1237074544897041,-0.019621653882495593,0.01648702439064209,-0.02512806365120923,0.007349950959451235,-0.011538083887671746,-0.050414452122822695,-0.015113446279201526,0.008563541719922796,-0.19949767976868316,-0.020475611638175906,-0.6890135350131459,-0.08926449651835355,0.0029593056360681658,-0.005077152086414571,-0.004233089475746965,0.026362608172433966,-0.006592314313365932,-0.017166175677175488,0.0019936609742217115,-0.02401568833829515,-0.022729003609583742,0.032087327112037656,0.006611110033645673,0.016057075348896888,-0.0032810107998102467,0.008939525736423093,0.03266245148006419,-0.042371547893480965,-0.07498709782885271,-0.0009067565015357104,-0.08121617578581208,0.032375169117585756,0.013627455051889115,-0.020739598431532613,-0.10340564462421753,-0.0015190042513495428,-0.016872335689569695,-0.011244659068324836,-0.015284610048183822,-0.23538163800640177,-0.44162383160096397,-0.07677833281059065,-0.05226600041623897,-0.013949268201940868,-0.050932847878272014,-0.013198214512044615,-0.03866214629397291,0.01416006857107277,-0.04152379654624383,0.0013797363044432132,-0.0370559543816853,-0.04407467039254698,-0.0288409473109823,-0.005740996324675507,0.04445260174179566,0.013830983786647266,0.0590467657566478,-0.10514074029970288,-0.03360447681552614,0.016498142627824564,-0.005556358078479207,0.06595958664172485,-0.02527214583915338,-0.003493510019779933,0.020416690781530633,0.0033326226864573982,0.034072254318743944,0.0017188583133247448,0.11189866323522324,-0.035118831123327254,-0.0796777292086972,-0.00690427320478193,-0.0463560560328915,0.014957252735712245,0.09773353539640084,0.0072866029859142145,0.017299675383583235,-0.01360016172475298,-0.12100346302440812,-0.032729168130799735,-0.02753938677096812,-0.017586258751293826,-0.013160906339805933,0.024571519851747325,-0.024453311511479114,-0.030612573345933924,0.015896700402663555,0.017319789516477613,-0.034632764393563775,-0.05981780575893936,-0.004626179950719234,-0.027160910136217353,0.017446997015213128,-0.0041937507960483345,0.0016731758491914661,-0.008300291361592826,-0.0258929658125453,-0.33609138188285925,-0.04673739440841018,-0.04143423289849579,-0.020638662092096638,0.0004831113819818711,-0.005813873000079184,0.1641550553081288,-0.016881959611964703,-0.006600350952737699,-0.041226991998428275,-0.026845727960335353,-0.035944713321214294,-0.1582281787782449,-0.00905315469708512,-0.04819161251907644,-0.29073153996796464,-0.006625627085668384,0.02288152740584337,0.010400256489447202,0.02244596919149444,0.018365401351275068,-0.007373796809588384,0.03514595180104152,0.012202210605209984,-0.021903956938785996,-0.009585465518284764,-0.03381336546863167,-0.006205082850101462,-0.006437637859789902,0.05434378586414823,-0.026028660422980465,0.010366041375164059,0.022152062938403105,0.006992120021436676,0.01430843899379397,-0.00014755645747754897,0.02633138334749674,-0.029143594338165713,0.008305667135402928,0.013942081853656418,-0.011013668119858266,0.0021129892476210443,0.05037777500183438,-0.009560962120303884,0.027876270925844437,-0.08866860161469958,0.0009649303236756168,-0.05061055706892148,-0.02701325342331984,-8.042899935389869e-6,-0.0021309783728611364,0.002691420562996427,0.005851173957580613,0.016875043516847654,-0.027674382216900995,-0.0058389587111378205,-0.3368467970934148,-0.03277144922640218,0.007153277576435357,-0.006822162172738899,-0.0072932774933178734,0.02784002724729362,0.0007307488817787089,-0.065364733082788,-0.013763861302322766,0.030849557242163428,0.018835619663832404,0.016388144159236617,-0.018225875712232664,0.02589070184421871,0.05052930687998014,0.1802449752794928,-0.06033815453702118,0.009778329484561255,-0.5689913807550511,0.017508090780211205,-0.00684964926227849,-0.04658351534908434,-0.014811415701842634,-0.018563257124682764,0.006171986895424197,0.022971333555688034,-0.04240891558885096,0.01672110086246903,-0.0360365212193301,-0.002519243702181484,-0.06180916973676176,-0.23294530102612043,0.0046165053918230115,-0.008133724657454877,-0.015106621267477749,0.04866498663977836,0.027884365768841235,-0.06253923893382307,-0.03921430120772129,0.014932105234947812,0.0034622716448211577,-0.01099476960513357,-0.03482618959293404,-0.03786446797403187,0.021445477890665643,-0.007407343648083042,-0.007071801760503149,-0.0177790089819041,-0.011215606060432037,0.02241892610618379,-0.002607597888982127,0.0005952152387180831,0.0002782055657917226,0.028600484899584444,-0.022097096550169226,-0.32562372594657063,-0.01543770904027042,0.03287542035286606,-0.003496314206131501,-0.008208834137889198,-0.006400659138307674,0.018126849714462878,-0.07459180121531972,0.023285021488845814,-0.584937276497385,-0.015271052781827166,-0.020072245401024702,-0.04192010976311167,-0.03367714167507074,0.01764708241535118,0.0573398218039074,0.0059596067267193575,0.03486223595064075,-0.009049817580034869,0.09856669735381729,-0.00042393773765070364,-0.009895017694304897,-0.23089197561239416,-0.04517202104852913,-0.29043939069015323,0.0033656393963497067,-0.03516844830460286,-0.00969132971141562,0.008687473798318024,-0.029316638898762903,0.014052002564085342,-0.0016419919722920895,0.01759062107794307,-0.03313771814055144,-0.02906980992293029,0.1350769099462923,-0.020366550739709055,0.01722575174699159,-0.07828525742479542,0.00474839503422686,0.049281804265774554,0.03032671480400495,0.047552682824061776,-0.01666822249296729,-0.0018169644386034633,-0.005656700974213891,-0.02046549803344533,-0.010672371625332744,-0.026312518759368686,0.0013498867026555672,0.03032659633390722,0.05071244252189899,-0.008422612018421205,0.02235529443055384,-0.035267176487536744,0.24911922224782757,0.04578533641870308,-0.036753025161260666,-0.01624870492014452,-0.2546425339337475,-0.8153317515207164,-0.027110981674923096,0.0019711453805939527,-0.05360284031792162,0.00333240484678754,0.01702919891613419,-0.029773362280138826,-0.04420657857099286,-0.00889887325502059,0.0017876518322736956,0.07412102991474967,-0.037274469257909004,-0.023210698231437732,0.005307833605002088,-0.02958007662732598,-0.012763568181071605,-0.0038778483872192737,0.014146886331218411,0.035679192619682,0.009919646865455434,-0.0007853355364204617,0.0267975894294068,-0.10734479339862446,0.004214809836412314,-0.002448796654277885,0.003081908552303503,0.002322820256040359,-0.37365973464170565,-0.023838676575905993,0.1249468815497039,0.013729802261877921,-0.004966262538161459,0.0047861424415600595,-0.004029996689951076,-0.20404699953249406,-0.0005885519949515583,-0.0021159644129511435,0.020962234244507272,0.009036956269483198,-0.11064114500095457,-0.001179729457362555,-0.00821841750985186,0.007401042899800814,0.028100207061584115,0.029010340370405174,-0.25615814320747177,0.0013832061262064599,-0.007707530071456858,-0.021401551411464936,-0.288034653327486,-0.010488536147477134,0.01281223755870542,-0.011189301894319215,-0.004192790336446706,0.029473000158759532,-0.04795058610375236,-0.01261398441511119,-0.029173247778089717,-0.032230566131602245,0.023408179408534124,-0.02225827578240569,-0.0709831108229082,-0.038449590999590555,0.04285040170270804,0.0016443413237539062,0.03662303136752598,0.01816002943451167,-0.00588754586988216,0.01594590313243316,0.012294131345441883,0.003969064361172059,0.0333504787390666,-0.0020703659756691195,-0.05806082296294335,-0.01146306505006578,0.09242845685639622,-0.011533502222278003,-0.04518044523319986,-0.004053236884828948,-0.0038004429648026417,-0.01215762467157333,-0.028836006756137067,-0.0068770077782573935,-0.0035300131935400714,-0.008063761845733097,-0.005709046694391873,-0.0231199466943508,-0.1280506754928865,-0.2125986267229223,0.02042751290355227,0.036579070704647165,-0.016374829972164662,0.0002630838534969371,0.039996284001972526,0.008852741229020467,0.06550393723046,-0.09295186017152446,0.0048527752664995205,0.0919552959394423,-0.03276201628182207,-0.011472457328636665,-0.01583551104874914,-0.010370455980591942,-0.013391702031299246,0.008454595392748843,-0.0006938189071661327,0.014084232314417022,-0.025533923254442925,-0.004272314971785818,-0.014503236685413867,-0.010560795883748142,0.05724108721506127,-0.11370108606661233,0.027656067885345692,-0.012468722009543853,0.11594537072846833,-0.0026549125113888294,0.08591360507961099,-0.019505100139213027,-0.06652370483561754,-0.028679119027799516,0.022487857774649456,0.010439853498155571,-0.036444103400455674,-0.005884893775146338,-0.1680369652472109,-0.05543311299697962,0.01292346622722107,-0.033245227019506274,0.0922569814383678,0.021567219499047496,0.03441939180629561,-0.01765557113867544,0.0884192188277666,-0.012226839096911135,0.059593102146209276,0.02722117067793306,-0.006453628231156472,0.018981844976224238,-0.07068156029026795,-0.7748401704529897,0.022801512873229512,-0.04355451273664812,0.020126220795646077,0.0059751162934844615,-0.030001243941285338,-0.010053059489109728,0.006959336662475835,-0.011912204106920399,0.006525190789375301,-0.0027154864010299207,-0.0014362126557898591,-0.030931006857827015,-0.003528445656513668,-0.007939058225019835,0.007433278501594032,0.02713051150112733,-0.027359735041500244,-0.04460179122088448,-0.02599744528379233,-0.03940136142227857,0.006698834408439325,-0.025077590899400093,0.004333132083047531,-0.03724699879558102,0.07420143683657443,0.008640989310151781,-0.060534840729133066,0.004484113068571105,0.005254835703908611,-0.0032359436759179516,0.0013966739670649986,0.004619179759174585,0.006884576183892932,0.03169441772024584,0.02589645338025548,-0.0007380795814242447,-0.006341232392856,0.007319865319914243,0.015904472860256647,-0.038274912380074966,0.010386974764287515,0.10462486125106807,-0.010716289621541364,0.026108859046871657,-0.18902210891519644,0.046607322605268564,-0.30964121031593095,0.009431579259398859,0.02537765115584989,0.013932094167557807,-0.02774920300453232,-0.10362485234901442,0.020281692722164735,0.0062289298234645685,-0.04127410737237369,0.006168687126773875,-0.012000529021747752,0.0036460239425650798,0.011345181992965081,-0.3338998959388846,-0.015706084367593576,0.002591290573036531,0.004537909325108558,-0.026098905155777175,-0.0027403552830946865,0.0010015591938099533,-0.019998639123514295,0.028635696883640094,-0.04222575487983704,-0.03666069170094488,-0.029882933423607483,-0.0761752035432437,-0.5429049178142122,0.013184340424686525,-0.14521086526764293,-0.01629073640833667,-0.013027429130715973,0.03954410704318434,0.01190147177567269,0.013664768430174945,-0.0006892393412272213,-0.011061146568863478,-0.16751697242307273,-0.012944992422035284,0.004012877509097734,-0.033099896453222755,-0.02249372557798779,-0.02553150743324295,0.013266574824228883,0.0052076694191782735,0.051924119116961265,0.0009340095821244176,-0.05900569294635716,-0.0317657554521702,-0.04168793126518722,0.00953616366496135,0.024486922703545133,-0.009173014801490353,0.019577147577365395,0.0034897879666004883,-0.043741457295254804,0.04469985657124198,0.023384782421544514,-0.02400644449534184,-0.026287397676242108,0.004457989586626354,0.01302121603202977,0.0036361685115480213,0.0004446434913916164,-0.0016782469692770974,0.09294275952311182,-0.20307047676124057,-0.1413308625924401,0.00857728549229364,0.0038111577177915024,0.008273302904854063,-0.006664241342946298,0.002652130193382618,-0.005092051054816693,0.025931860737514967,0.008346230447386915,0.007129877441911958,-0.004032709477542085,-0.01639549832452758,-0.002034078693952779,0.030067976238058236,0.09688204659687472,-0.00570343795880035,0.014207885270707266,-0.28413875693513546,0.02866314727725694,0.014625162705669936,0.032638584148799055,0.021288611616171238,0.01682583078445532,-0.008000885832871063,-0.29536123577781837,-0.026584955943690147,0.00255524150270503,0.00020148984685874893,-0.0035210299142818258,-0.010399181183856854,-0.029345642576117825,0.03043951672316325,-0.001698779600474154,0.010135535674635321,-0.1736609414801933,-0.05788306458740067,-0.04473068196057284,-0.037344221163849056,0.008341875384530795,0.018727539772953605,0.03653698486596113,-0.02043886402680073,-0.031650040834620086,0.025629038832448714,-0.06708870630927777,0.009614606060040387,-0.004248682045727037,0.035498350365742226,0.0004335241728767869,-0.026164187727772514,-0.027390055014166137,-0.015187767407951469,-0.21761638551720353,0.012671190316723369,0.017962973405076355,0.03085830581130722,-0.015394553723240278,0.013066006519238726,0.02797791088141821,-0.03329013748492571,0.011402393060507166,0.007228822021488668,0.007157681940043403,-0.003319097106668778,-0.012307771839232373,0.11546722718048841,-0.008993567100787914,0.016894300815465613,-0.01257937116724861,0.007040100148060446,-0.02808505663233518,-0.023593800391608966,-0.35470015268947463,-0.020040228630023194,-0.016397961678194406,-9.715097849039012e-5,-0.011077225140979863,0.025898552990838652,0.005421770234534051,0.0022340053158131923,0.021018367458054854,-0.021467070346261607,-0.0005064899473836704,0.02147911059529406,-0.0240969729520657,-0.0005570684388658265,0.001095561151032598,0.0002761512819233758,0.00118503476401699,-0.012988988829306436,-0.005244999931619532,0.014662608419257595,0.007036553290163283,-0.016744940224270977,-0.010280420668095758,0.017858584786097254,-0.014445241653788798,-0.06592398881457484,-0.09808614421172024,0.01237207074291291,-0.01803569907633573,-0.0018353296691202559,-0.012468854749386082,0.013152234059816692,0.010477572085619613,-0.40448446652317216,0.04161015925410538,-0.005410577193288191,-0.027966852935605857,0.0192407558990908,-0.0037002601807216706,0.029770200629172905,0.027328567997301434,0.10885215736016107,8.182217197827413e-5,0.02879009118396425,0.010855888147943915,0.004736229838044892,-0.05009901183677812,0.0014260974295936535,0.009704213428108233,0.027621530196483945,-0.014529213425703347,-0.015692503626269172,0.043113936133977404,-0.00940660369633406,0.029129435257345904,0.2395565353508573,0.014885638276609825,-0.2551720206738537,-0.022141846388421982,0.016492146250584483,-0.019361487969490554,0.0641565724490647,-0.040716538820561254,-0.06003920801094864,-0.08672777311880964,-0.010016351919148292,-0.0355776877131575,0.0363845543415664,0.021524503061300493,-0.001103875112676178,0.0020769096002482,0.004937390173381573,-0.02784380320008495,0.00945839450287167,-0.026067058975968393,0.05237361054241774,-0.029492374966139323,0.010686696623452008,-0.04177124923808151,0.004604254545029107,-0.11317693426462938,0.018757189662210294,0.0006562840726473951,0.005122520892882676,-0.01668637572231546,-0.04791770177598664,0.0019227943321311614,0.02684648801186995,0.05918420837588201,0.0013700441445223532,-0.02721646578720538,0.025315482612541018,0.05593773568944016,-0.0037478763315448305,-0.008983059105958091,-0.01177562475504601,0.045130475187761476,-0.025050746005945257,0.024770746709691593,0.007931092752187396,-0.017507334458969126,-0.10748030447120982,0.020184792892905534,-0.033459536662121536,0.004549091373064584,0.0007528728274337482,0.01875230136920436,-0.049717565616447246,-0.02657876627836231,-0.8526447708011347,0.0032305076990724046,-0.4720781855844507,-0.010237219593633995,-0.03742276172113179,-0.08870365912059697,0.011701208911745198,0.006716843032336328,-0.030616111193921824,-0.02390712878150225,0.017390785322277225,-0.007122724549390114,0.08878402534060115,0.006963606695535418,0.02150714528397657,-0.007856662341509946,-0.010896583001340332,-0.018735215666538352,-0.0036602270338335074,0.0039363984610645275,-0.0011883973897965916,-0.03171968498463684,0.01102997850284737,-0.10719226737728604,0.024378612498367147,-0.16675384853806463,-0.5456921809966389,-0.15981703313173057,0.0016222168769672862,-0.013929496662967722,-0.018797015535255923,0.018404550119157648,0.061034865457259,-0.0017499075174782774,0.018787115398481546,-0.03532211572155575,-0.021412857076313685,-0.08786866846958219,0.01619557822959905,0.0037213585437712027,-0.17707458071390647,0.04757855621210183,0.05560253622934397,0.05105865087352868,-0.0073253551869783,0.030659756394015858,-0.016547020856023664,0.748343203505101,0.04586909783574811,-0.02420839273463571,0.08144403936648814,-0.03259394832639373,-0.015627647046130733,0.0018531542591517791,-0.022575563599275483,0.039563275897307904,-0.027793706604825275,-0.039074714100934216,-0.12781891261465717,-0.003027025255960325,0.007381437903745791,0.1748809847317716,0.0032879993796086637,0.009488337532275182,-0.005160989264595628,-0.07523520401628048,0.010287258548032696,-0.02499288809758582,0.0564197607427559,-0.23514293175117018,0.021949180386400258,0.011213357719498163,0.000458043000435282,-0.2937456570462018,-0.053906516676761385,0.042046130262633596,0.047642167804951896,-0.019489949308123755,-0.012978702865439118,-0.01598661382740829,-0.01292218107755616,-0.019036061135921045,-0.015931138227188057,-0.0278135850144281,-0.002122061909375361,-0.007815345458766387,-0.002751611224084627,-0.07465305774530862,-0.09069730089083805,-0.04494151945436897,-0.011064304278988857,-0.027256676239630906,0.015090518231772876,-0.003254376247014079,0.023951786495672422,0.012455846692773775,0.023426786596360216,0.035691774597125914,0.002281711669638753,0.013418792890774967,-0.02286263803489419,-0.004989137808252053,0.0036784768954021274,-0.01764024726569602,-0.021429961359899607,-0.01206429185504021,0.021140659458978917,0.03722113687217643,-0.032220029101608816,0.047438644240173744,-0.05377486584700364,0.12403200562948768,-0.01980799009470502,0.03391222351183387,0.0011437882922109566,0.006049051362424507,-0.020334917732611757,0.042714729827594056,-0.015067200564715222,0.0007308481660857069,0.03502837790438207,-0.024753610570769524,-0.08025738668675331,0.05275444367475757,-0.0411560283810104,-0.0049674623433020315,0.02079743291108116,0.018717354287218768,0.02992743527317998,0.005946759768903576,-0.0017555650562144365,-0.03831774893205875,-0.05704880514304023,-0.0009295184381699073,-0.009606488785266265,-0.09489860403664352,0.01948409630540482,0.025832096323938458,-0.010178360703093858,0.028815788731662906,0.15227699278784712,-0.01604385141763487,0.004388612366085454,0.00506337375009025,-0.021328520523638872,-0.034174980512261754,0.02298127808717254,-0.014181123548041796,-0.03889270773015596,0.015290639111526616,-0.01805943819181266,-0.03737011587099914,-0.05194674922222475,0.02179810199675103,0.07006227632109585,-0.00604956235656573,-0.07166288526377684,-0.02369523438937904,-0.09418978064331895,-0.04962214808983845,-0.011863055316439386,-0.001129175564074103,-0.03366856450702471,0.06516684005237039,0.05171107367186778,0.027933347868383862,0.09794759305214029,0.1243731182380543,0.04347815287292178,0.03278975647390325,-0.004597276125423377,-0.03907428003640234,0.1649560143234794,0.02396078217975628,-0.04801867157675588,0.0017179566475533647,0.04764209910217687,0.03014080354455473,-0.022671141483442625,-0.006943405134734348,0.0523150427757173,-0.0022407714313743554,-0.02085424579308892,-0.009017306761293753,-0.06450389719611849,-0.018237417582895432,-0.0010994747167387686,-0.07434716849607526,0.02880343176320821,-0.07049643426489638,-0.025976872644150717,0.0507617978782946,0.009749182861696681,0.00075679654491978,0.013761656646238407,0.0005282902513954468,-0.043298148702888284,0.01839022950071012,-0.004318678891706895,0.0018621265383558239,-0.056576004798444046,0.01661682907069917,-0.00452641621359362,0.03896699554297811,-0.012435393015039153,0.07071594833905692,-0.03119394953068877,-0.009984512565665682,0.10955242966406331,0.029002767697875242,0.13562210315194534,-0.05946496183494787,-0.0022812178103777114,0.0072639692467646455,0.08707957166143387,-0.028425763935047144,-0.008264252519438742,-0.09480718333361438,0.007066300849146501,0.04803386914682051,0.044663976572564934,-0.0028407186923793404,0.004970237416756618,-0.05061562765922645,-0.02308207246096572,0.06359999712026365,0.007452025559530284,0.07445072415248433,-0.022283097253421147,-0.017950893596207607,-0.00764417614618651,-0.0359848642151519,0.024154150799404306,-0.026565237383692875,0.05832168703000207,0.047543820553983096,0.02438787592382141,0.012867302427366667,0.05994833865338478,-0.03911175015196022,0.01535728040835238,0.022626207761049955,-0.004560741236673493,-0.02162815722749656,-0.007608713010995416,0.13856424420009716,-0.031085954273294192,0.021213565367361298,0.07495724910268109,-0.0031838087529649783,-0.004842602842700217,0.023738255485568516,-0.025428675869079598,-0.008494476530472639,0.0007162797832620527,0.01939711951854406,-0.003790232392930193,-0.005399898208452214,-0.0005360238619687152,0.0021462040349433664,0.034508554519561585,0.04301831763586961,0.067766102425594,0.004899373698208365,0.029394095945917798,0.002096226372032106,0.10188053890306037,-0.005073902150343201,0.020695327037401512,-0.05592684034854756,0.014758719723431568,0.030483849839583854,0.01170641655869531,0.036407907050488575,-0.031647980841171375,0.06917543668077997,0.043589117556621204,0.014227767140027936,-0.002241185383923039,-0.024845696116244653,0.038198877612558135,-0.033697560476412036,0.01631328943972221,0.06025963977299398,0.06671276380984636,-0.03479399164461938,0.038233186012803344,0.06307827475302474,-0.00399778130008599,0.0008929965788411209,-0.002768641189277332,0.011404677517475648,-0.03879078645786649,0.01354351319628222,0.06280940477154218,-0.006223194072845217,-0.04034299283148357,0.09808353684184112,-0.011047542502637953,-0.05314084342262504,-0.006650667178291769,0.030503286468615443,-0.044220476190275804,-0.011299337087621097,0.0009169353688776027,0.024420341580480454,0.005376050786253472,-0.007321199647776666,0.028285995409532916,0.036444979212319595,-0.026602751690916193,-0.0785865679242761,0.04576119390367239,-0.02639574750492102,0.015482275504126619,0.032961716878162406,0.01882444161856256,0.012377995257452312,0.0008703994776624313,-0.03039686507031547,0.0006644632212555734,-0.010227280258732208,-0.028517644072053372,-0.01569742964784382,0.027899328345256436,-0.002536965648687328,0.03147224883969102,0.017312723683971853,-0.013156128529772104,0.005941871913819341,-0.0007161902012740029,0.02998574364664819,0.010207412728959753,0.004692673264798941,-0.017475329512308235,0.009038475948841551,0.030676433954795357,0.039800009856662655,-0.03604641753429405,-0.12214482265881088,0.016184545544092543,0.02308878255644231,-0.0030903564339723744,0.02805288615036261,0.05429819729135943,-0.015924629691653536,0.013939128125912248,0.007841402603389724,-0.0030538669991528877,-0.009044397523666703,0.01422386236345119,-0.004233576888566404,0.03557636504046968,-0.0008112537125271047,-0.035690722632352845,-0.02108695500783142,-0.031026277202272468,-0.0376160363539384,0.028793782929824374,-0.010366891751800722,-0.010037326541123548,0.0025964293236029334,0.27391483927567606,-0.0692691480708163,-0.01590653668029063,0.034446976347226155,0.028083454561510734,-0.026989373526362215,0.0010692257507116665,0.04896984864080878,-0.013623405792259291,0.08259272059694922,0.011788650330345263,-0.022880583105688856,-0.05789114830486142,-0.011349027481173835,-0.0736000946671993,0.025920763815065584,0.10480914016488896,0.05359698351821862,0.045972876920131966,-0.022788193522501388,0.06203063027146527,0.03986100255957581,0.0013869197086933127,0.19308187016940792,0.004392277883653151,0.12028271633425902,0.03885061293203762,0.021486738526164118,-0.07789437357587303,-0.055707695260935,-0.01419988851796461,0.035153395372617524,-0.02666485709096378,0.01270618232410925,0.018268734384946583,0.025834968306298833,0.06553775671545736,-0.04705890616878605,0.030290159636479075,-0.008673716350585892,0.041997812788395095,-0.06820776670883788,-0.01730864787327846,0.0186103534169888,0.024462676558869134,-0.029290255269188492,0.05622307380417624,-0.02151509066811741,-0.00615823800671933,0.024310251256224547,-0.0229979891887524,-0.021561472107805457,-0.051151056884918944,0.03541330397274578,0.01655090275562543,-0.014508554711937904,-0.03413182380620583,-0.16135718299119617,-0.04657607095396088,-0.012999629281807756,0.0621233603624205,-0.01839187029599998,0.01970860273922881,-0.030471959372334823,0.04197229159433391,-0.033668430264356175,-0.023734383594273822,-0.06510386095942522,-0.0010525004709052155,-0.05042612253782863,0.08074494221818895,0.013158314512111247,-0.030911848972209555,-0.0035080181260127574,0.0453607809577079,0.015422065253005712,-0.009629887197661446,-0.009282860037274077,-0.01775901370712063,0.008980966997114592,-0.009129453320838365,-0.13072101603211195,0.012689153677683862,0.08398193546963739,0.014343209276830748,0.007686666273230003,0.018801780884132313,0.00570414751291537,0.034842018703031385,0.016132051363456412,0.0004868167770837317,-0.02628409055614611,0.06927100698874256,-0.05127109111708705,-0.0006881208450977283,-0.017121090118052962,0.020619268711016048,0.0036489866438387253,-0.006724707258399576,0.012498591756866517,0.1025720789659772,-0.005552889060709276,-0.03845467550763715,-0.02305771712326532,0.02759002260700072,0.06535216156225943,-0.006646195882467509,0.06864072173266322,-0.05099793944100384,-0.00528404865963239,0.024707389930881618,0.03762070047605448,0.05713035741882777,-0.024889182870310833,-0.008927025846787728,-0.003003111987709417,0.00451802517136457,0.026360994887909328,-0.016604509078661067,0.013900592976824555,-0.01464015193278101,-0.02249287501854269,0.024705443397579074,0.04568603461666498,0.039903039662931405,-0.0073205044996029756,0.07152929061339819,-0.009493624167077996,-0.00723310670855426,0.09457582977665879,0.0020755947639372607,-0.03952195042847961,0.09027484029388688,0.027770121092544287,0.052627410007971775,0.013470094674630673,0.007713277873790503,-0.013758905684881029,0.04082479357111879,0.007881199506755365,0.0026677233204281947,-0.11417770119805937,0.04146850892357179,-0.058634742305002874,0.12547171992719086,0.05875418009122768,0.00841852779740293,0.04502831133731888,-0.003946264403566602,-0.019014071378478548,0.021022236292083107,-0.016418846781562024,-0.012242057149705943,-0.00011704979306159657,0.039985807321841094,0.00044239656926947646,0.02514939503998903,0.003393393104943243,-0.01997090997065243,-0.0036311325407041295,0.00030931140690881875,0.013583685609319218,0.003974075914811692,0.06074368935333041,-0.00363097955187186,-0.08154709536574956,-0.03495999640199443,-0.06641429216688266,-0.06434335265896607,0.04342825593903399,0.012900654125169275,0.018501238660974195,0.06287550313572865,-0.03315004357000362,0.031211483594688616,0.02498012930391269,-0.028352851378258492,0.07069732873515022,0.025162575481957106,0.11548607741963224,0.004825829010769667,-0.021128855714778183,-0.03199534445820973,-0.027890311466762796,0.00993079925137863,-0.04460604161340598,0.003597190692289587,0.019676598174555693,0.006038743847341266,0.03467970438805423,-0.042305305715785835,-0.014412652199098375,-0.01316973728580706,0.04033954962551434,0.030729568073184055,0.02943745131287301,0.00578059228314487,0.05214299310569004,0.029151800661566085,0.23066718182781187,-0.018491771809294733,0.003096949299560947,-0.02231440991454292,0.011246648178712348,-0.011180034135577444,0.006990020336161251,0.010207905949982887,0.018808776865625987,0.04972055239604245,0.017703390385577222,-0.03749932902974251,-0.014391546960723645,-0.033350714752828026,-0.0011598848282119434,0.015678212052989693,0.14179952041195065,0.012327464781947128,0.029833745380528853,0.10758762507884967,0.04213938436760145,-0.005547883452891256,0.04349233827088028,0.007215136381432785,-0.04207637343915849,0.006185133473763926,-0.0162489595813895,-0.03050510343280166,0.008641800417535705,0.005262472746835556,-0.05439489331365621,-0.07076764356133936,0.1753818231072728,-0.04383607186809968,0.005024167028750526,-0.010137139739526901,0.0032838970047350813,0.235204346671253,-0.11921721613907721,-0.01595471269774862,0.022393008335257036,0.01102865025416122,0.04825373327503257,0.07644502615221427,-0.033198125646322296,-0.03635822849628312,0.01464157084319595,-0.08722627359998825,0.01791581988618418,0.012118593373088515,-0.0008297275517179514,0.0194257511534488,0.09164636471905396,0.01610508327576099,0.03428034221906273,0.022235197837062515,-0.0022933551535970764,-0.0013263908135741076,-0.08778071980623281,0.015622886445271433,0.052186007393174805,0.011312572951510447,-0.06336867462414375,0.07715756418747333,0.0896766931291495,0.00465315070186989,-0.024852311915310565,0.05771269957423897,-0.00023776851003276533,-0.003960159649068373,0.0274381015851759,0.005363791216154823,-0.035360294820748095,0.06559468647350286,-0.02296343864463779,0.08587092956258857,0.01595524788695002,-0.028513941183632596,0.1942937367984996,0.004034214646253531,0.0660927132166762,-0.004905762849375606,-0.022985687530763244,0.03873184651729389,0.00710023136343807,-0.02609896121066413,0.011426784963987302,-0.03080836421395361,-0.0035116373755954555,0.02177136646287181,-0.0025827019585449307,0.0496087183655618,-0.09326654542746837,-0.021551343408646062,0.011734907092431968,0.0814356321016021,0.03305044965054549,-0.032565968374001386,0.008759370333791594,0.049316447155888454,0.0028056608375663927,-0.027632918197923573,-0.0016020889052015264,0.022234171065974806,0.011466015458609036,-0.04069883084594039,0.042660779934522,0.05485793103571268,-0.026139656996747362,0.14749545534732533,0.014774274861792946,-0.01893600043740662,0.014564154957042774,0.02388728194455325,0.0338385363334055,-0.02775860977044431,0.03763761765003437,-0.010721452225197936,0.07173260950366966,-0.016311880816829216,-0.0008717624510836686,0.056605305640459846,-0.023209218238662288,0.06304050201288192,-0.03863991494017682,0.018020816713033128,0.02473485365499073,0.020037973804392095,-0.03016162497260666,0.018489258026647803,0.0485445952695045,0.015151096271438291,-0.0027814945178761263,-0.03031923003607062,0.015370902448921697,-0.043103393839373894,0.07597994182833645,0.050592342130585166,-0.008723289305521575,-0.03913934721839496,-0.022971962396695744,0.03179509738856723,0.006852880149381235,0.216623994985639,-0.006799325881729601,-0.019501072227285476,-0.03132707426129855,-0.006063920121050614,-0.0029239043346933613,-0.14615935458641616,0.0029718336077166896,0.047981315911783895,-0.0038828409003599518,-0.03643849580441838,0.02044848486639239,-0.02180201749661137,-0.06799638221309579,-0.02193727081248653,0.05463477060561672,-0.033091522216636804,-0.0019788284357673547,0.04826263276629561,0.10166376958477485,-0.03681430588949297,-0.017444026755129016,-0.002581492478839209,-0.01184693104244161,-0.011555023186701874,0.0020033330210935674,3.895413829013705e-5,0.02019708262196218,-0.01101581722514311,0.02850935183096226,-0.010026541841966718,0.019771440901877213,-0.0004320940488469205,0.039522983031019976,0.0153908682416386,-0.07281258319835615,0.011038542101573512,-0.051477968680046615,-0.03386501774912176,0.06356624141335487,0.012739212838823732,-0.03702113051156175,-0.012295776775772538,-0.056478936649455136,-0.010386228383254092,0.068763302067822,0.028498606595576348,0.022021547809345066,0.09064721336289949,-0.004489076628033217,0.009017449330769978,0.012912609399336361,0.01185132786667964,0.10971969376987545,0.02981589379351135,-0.009752272173955134,-0.00012139478565131867,0.03764032995240996,0.00557487204514473,-0.0415911225563832,-0.00608607893724411,-0.014610943771458551,-0.01505157135625268,-0.005647269455550941,-0.012768828823027434,-0.018413560401768336,-0.167000071186294,0.04501028923505146,-0.019143022516800556,0.04058525606524199,0.0021945865137240617,0.007391857127686308,0.04410762954830716,0.0076332581102178665,-0.04933070853530808,-0.04992752069119888,-0.02004148681407969,0.007219674588668568,-0.016615604507933313,0.08863163388014073,-0.0057997106787297525,0.0028791730574084795,0.005715586763471947,-0.08377067099354463,-0.0188327517568041,-0.05995601927043026,0.007775991884955147,0.001311757391476931,0.06630428072844552,-0.04678813780037672,-0.0065390079871576745,-0.03557049512556887,0.0061410807725224,0.009101186862949362,0.06520088332854357,-0.02563868143806758,-0.042747034159191344,0.022559390216429165,-0.05017647265276537,0.0066470299070715555,0.012490670571878582,0.02656336900204792,-0.018137507611811543,-0.003509915817403453,0.04260468704342202,-0.022750979728243692,0.03754459846368263,0.03703549175770604,0.050183142293917626,0.0076919692428418784,0.016783110342885266,0.02692744414707704,0.01983529103733872,0.003609240954745019,-0.18298392653741757,0.04365323051933956,0.03967766991951294,0.030783976216753217,0.03888052869842795,0.014503688141303428,0.015219828662566215,-0.015417433737184183,0.016587330482252582,0.01194881634455669,0.07286248147806873,-0.04610428020441759,-0.05861400640787906,-0.01514607939952839,-0.05739109013120469,-0.023324822103859333,-0.02125871064771445,-0.02786731386208885,-0.0052559127207132406,-0.13060275744828687,-0.009179743004096963,0.015786762203788385,-0.10839862274951884,0.09665345790199353,0.012238929351383376,-0.027140140326082474,-0.03628656179944301,-0.074974924282742,0.010469148309312004,0.05489999464043649,-0.04502104367747961,0.08061367164623334,0.06425301921262871,-0.018331980037146423,-0.0055943796364772425,0.019524967054167064,-0.0020245478380047643,0.014065018707242416,0.02191307948260146,-0.013422321033431217,0.013042197261711408,0.01199524535013552,0.01187186645802285,-0.021383301080049932,-0.032700722322942966,0.014010320629608941,0.033005941701503616,-0.006357593601478584,0.022316158513604023,-0.05953977766785101,0.004691671185582891,0.0328241006504868,-0.025970405784846662,-0.036390176277564024,-0.024167427165792787,0.028130866313404113,-0.0975058501840067,0.02781103517691008,0.01421642638342746,0.02314880355834248,0.013176641279613932,0.03347621276270729,0.022615782969751308,0.019819796154479263,0.04760579888943539,-0.027956945598816674,0.0012496557461645352,0.06521964164403471,-0.08825654132124328,-0.006394889280613825,-0.007859796115553763,-0.009808938089463481,-0.03290559984816355,0.013880130248708156,-0.005450405317333207,0.02019905580618797,-0.08817148399566577,0.010219135554507375,-0.020439322685888328,-0.025832716825789248,-0.02626358654811156,0.06275320025201836,-0.04032898270361329,0.020908851576223242,-0.05320531991583266,0.026822137615113206,0.016089678585331058,-0.022515520458000537,-0.02155800444995748,-0.0052721301744895754,-0.005877962005797599,0.01026677296977141,0.037075299351272406,-0.025556727474395302,0.04940117288145984,0.02694747678492604,-0.026096481116269388,-0.028023230492181028,-0.0017062582983271568,0.018294207909548277,0.12260841262468603,-0.07254521224604105,0.0262172621407899,0.015387700073915767,-0.031119158108793954,0.04898579804103065,0.012860926217399538,-0.021415058695083644,-0.0358130844488187,0.032338672386686085,-0.06489128139946843,0.03533597379760067,0.057828132180361536,-0.031652782366336396,-0.014565803611731098,-0.01554678549291566,0.07727926571124044,0.014400265959011449,0.05631081773663027,0.0005602585988526698,0.013690056849100074,-0.00354562198936037,0.013076747997729399,0.02403107269924476,0.01552840808108158,-0.03674323270024615,-0.05947129242031224,0.025699669519866575,-0.0319114421949962,0.014058151050221568,0.00575494308850466,0.014683920469906298,-0.030824414469634576,-0.016152079856738055,0.033512183366838144,0.003916474069683318,-0.052747846920567554,0.004523532211351267,-0.20313693397474708,0.013976660011621789,0.016510445785797856,0.003708677493932555,0.028870810301668826,0.1418168779982807,-0.06012640536891922,0.06743133357963416,-0.010687752212106716,0.030316987666992645,0.03844346869027504,0.07655795858909187,0.009055795849235437,0.0041805934906733455,0.013438729353765666,0.03614965168344497,-0.04816546890378959,0.0120784417554205,0.07069012754141113,0.10881667537341855,0.009264653514946986,-0.02282958924297418,-0.020674273389658993,-0.02437483755784342,0.011961141464439606,-0.019290359582214478,0.04452659668459091,0.01326971932030574,-0.03307956162211667,-0.04236928776640525,0.03292363511536678,0.05842341329645251,-0.006049275498298812,-0.008672551422478136,-0.011874427993461723,0.0031111878450929,-0.027710087369996472,0.007369973788627249,0.009524040996893746,-0.02765957193696522,0.012731731871099328,0.016730404850932246,0.09142839160995209,0.044458215623981445,0.02782709681923734,0.05082480120654509,-0.00021868254043511115,-0.05793236310182692,-0.010640899561863648,0.011881751589953637,0.13250842493198434,-0.024431193964346676,0.0304480688428157,-0.010776618191812304,0.018685858964772706,0.0033251541490244563,0.007117822103737126,0.030758165799852577,0.06209325755344253,-0.008034131609974793,-0.047828781256612274,0.04920644371850358,-0.008233331144083422,-0.13719196259444288,-0.0008948816949896354,0.028726899678076734,0.015431620207891683,0.00036569233361660736,0.04684347268539568,0.039469786925110384,-0.02067499907388992,0.03861946624601842,-0.039388860052895325,-0.01086118430885108,-0.022412859159885556,0.011245585674259928,-0.038677889038353896,-0.012106554599540686,0.0774679340579496,-0.054703012374147875,0.009039053134074493,-0.01966780953716807,-0.004469779981036481,-0.04734212127550563,-0.011417005815019365,0.03923454750292876,-0.010278501804350526,0.07196634078036368,-0.016771342637639464,0.05753324432316731,-0.001194511246694674,-0.03574694269650536,-0.0002735412572292262,-0.019572629228605365,-0.053175357441432425,-0.022199218086825567,0.027797688504506368,0.09909646209644052,-0.009236877941930288,-0.013334805007616524,-0.012016433332973975,0.02583542135062089,-0.025843048547358194,0.013897336614263622,-0.008057305709371576,0.035027897684585696,-0.019796158050667145,-0.03922369179872476,0.030705354945894214,0.014499742163025076,-0.0040065945950118476,-0.11078106073773597,0.031125381097211857,0.015316090916485336,-0.0016842374297993956,-0.010322327663288888,0.03194094692935323,0.00982962673970178,-0.0029895572324676323,0.0397382922747056,-0.03275816339873927,-0.007473383657043087,-0.02006780533326946,0.03799731028630049,-0.01687517000277694,-0.06593184321718581,-0.03495706000285281,-0.018498380496566824,0.10530608681438025,-0.07760333274018194,0.0455057746357852,0.02859468102712981,-0.013795142277558625,-0.01861715749839732,-0.0019944964051319403,0.09997698374741049,-0.013971076893710688,0.004838033249598084,-0.04352882621219578,-0.04521821439539053,0.01940599830231804,0.000575130801735213,-0.029601129450384178,-0.0034418556788295973,0.04648585971699504,-0.006301802633515763,-0.02883320674800416,-0.0014472940652012767,0.06785373609523049,0.009263921212550486,0.014323826384497806,-0.006418149701403308,0.06761089048427493,0.044409874136363214,-0.021479593975527678,0.1417448946249351,0.040471385381351865,0.05003553451388143,-0.005829725865623914,-0.08247554992703954,-0.008723377799469745,0.003566581600352947,-0.08753641292719294,0.06454887604570558,0.021975032387217652,0.03334604022165877,-0.18318429855071372,-0.0005808785758745216,-0.06324293944999226,0.0018133527330519428,-0.051177340900267154,0.022452078095739125,0.04661078704702959,-0.040108542523284996,0.03809926277335762,-0.005790274268520079,0.13634335519259366,-0.10279231993627036,0.06801873643325962,0.07247602227857897,0.04004815942562345,0.036211620272297296,-0.04501842598847361,-0.021556416722091853,-0.0016574631813455198,0.01555697282174151,0.03636973666289123,0.05090918723794857,0.08877839970773493,-0.03236395649946644,-0.017881870677229017,0.09317615578925142,0.24960053868426257,0.018877030506700976,-0.0024132398525580356,-0.027437067469463727,-0.0010042656622317736,-0.02819438381584405,0.016734773213102017,0.011579067024861,0.022188579366229533,0.04029415284003335,0.07278312972175627,-0.03951954598960583,0.1373699377872981,-0.015017509501149107,-0.022155797546474787,0.002303708921317593,0.0009268896028515883,-0.013959854694803653,0.016256369495295075,0.005863491409400012,-0.1408822574042432,0.02432597035112849,0.013323487352266739,0.0874451278041306,0.037081875353806026,0.04061235753781034,0.007946323344640405,0.05684213388644821,-0.043463728919959976,0.04043042032208177,0.06747321860257216,0.010163112630721116,-0.024269352344049366,0.049718129123903054,-0.01888096025231789,-0.03669329931506127,-0.041675754303923895,-0.0022964774188949377,0.015467242214981525,-0.032855876652092775,0.03223910732049262,-0.042721222726413544,0.046148316750873164,0.038915376256682066,0.2103132639786054,0.009064976343779563,-0.017354906126456626,-0.04491028540815023,-0.01783641267729763,-0.0033710705315002087,0.0025867984386422904,-0.09340503055727822,-0.0020340275132184615,0.197875061229297,0.009286786164011573,0.013872026569060836,0.05731383017746339,-0.005304109866301587,-0.014533628768049311,-0.11350727388798987,0.022314596548540067,0.17541945111042878,-0.03608504497753984,-0.02321182069954375,-0.04004550315130473,0.030579316574403492,0.03307951555780164,0.10109876803130646,0.023967660242192323,-0.0043847927422575594,-0.01535849704487191,-0.0017054768084108218,-0.0655411935081247,0.007089627458299219,0.018975777013551465,-0.013851105565663602,-0.010248122694974882,-0.03270852730770457,-0.012605070706285915,0.014586357244297687,0.011844171456687036,0.048861652051982674,-0.0004577272911774344,-0.025077639351366088,0.01692132149491954,0.014119202100118855,0.021158352974680383,0.05194114230289415,0.0024719655830267584,0.010632293597609532,-0.02353273492644803,0.03440598378620052,-0.03712772821791077,0.08357985912425647,-0.022635574794094282,0.01732241935218326,0.0013071873836452141,-0.03456173873314583,-0.03757868552384025,-0.006682495710265357,-0.040913477194862935,0.02397413215726374,-0.012412183736159932,0.15702577064439538,-0.0031488268741668435,0.001594606937487697,-0.011188088059725487,-0.024103949822233517,-0.05026585497944325,-0.02027577685930737,0.001820138440507435,0.12139205164203304,-0.06627367192368183,0.008966269402662874,-0.00853257631786164,-0.034458964314126206,-0.03721650528268583,-0.009778128111065598,0.03932777886029726,0.018411418092910026,-0.03507537357745605,-0.02150712042566738,0.018207771672678064,0.0020376562597448356,0.008553694273814472,-0.026670216129332402,-0.0372039518638303,0.03564245240931996,-0.007820096530394949,-0.04629464121478577,-0.010559792490766995,0.00924502097268487,-0.041145735120153404,-0.055680000037682476,0.01084811024247756,-0.02818376867890038,-0.02536059304839,-0.015437712242601265,0.04034691527431278,0.0018567081156106724,-0.006428105394661543,0.03869950620082818,0.027005571130302997,0.023574822524096817,0.044694683212583186,0.007891482990089571,-0.018217156040009286,0.03352496648403758,0.011851712872157805,0.006201575774412049,0.02130756182486948,0.030547279068287025,-0.042744520044834644,-0.013730461341765476,0.09664195946766085,-0.057050597648412804,0.036652682016324434,0.026538007991348422,-0.047572513310569775,-0.004152944831730565,-0.04013912907157646,-0.004903001570028209,-0.04998962425543141,-0.01417918620745695,0.008506712252540183,-0.17385929230840702,-0.011505941574796452,0.06920418183472066,0.03396327855625714,-0.026605934021517896,0.0038426990577136166,-0.00516475511762593,-0.0009432572321657062,-0.05301925047615441,0.013892649327203799,0.0001900278621178586,0.009503573994606995,-0.03528713440357478,-0.012659744165830489,-0.04037144912581425,0.09099771104956744,0.016421567614543164,0.03607051620497259,0.03570231298363069,-0.04487555484820405,0.11273565910414618,0.023932457171554233,0.0716109794343538,-0.018865059902346992,0.007643325722938243,0.0028342931984752795,0.02197542571775557,-0.041697428484440024,0.0318121616252256,-0.02308536422447105,0.021115758077030478,0.040722320070699425,-0.028627821466670866,-0.004387093094919692,-0.01854778020287995,-0.015194845324003836,0.07359772727795644,-0.08875538000211236,0.0693797481690126,-0.024270895998142805,-0.07885016273849033,-0.014655300836125207,0.00911487031771685,0.016135897885988015,0.038498424108638574,-0.013058185704721836,-0.09946096960641171,-0.027256783158009057,0.008501284323756408,-0.014400135063283415,-0.03432786133635091,-0.009497514016857167,0.006681833497232503,-0.011639674318757898,0.014198686296595042,0.04865722717931931,-0.06707749312667488,0.021751209705712427,-0.016502537469932577,-0.018108015357483964,0.009192209736056611,-0.002652467017469462,0.021638146271584446,0.03425736975441396,-0.0420835693976187,0.00010136420371154031,-2.6262180623515263e-5,-9.769480888088822e-5,-4.083545206276171e-8,-2.807439006602408e-6,0.015495618695695157,-2.5351212673552226e-7,-6.106237592184982e-5,1.8648122505293685e-5,0.005189632803649147,0.00046251347932013687,2.509042466014577e-7,-8.47083049082542e-6,3.920251782918438e-9,0.019746388777548418,-3.697446177008956e-7,-8.141798332195194e-7,1.278749118920064e-8,0.0010068230449178373,-4.6409225827659384e-5,1.4863121181263317e-5,-0.001318312541116029,0.0012748360622936161,3.4763023351036537e-6,4.7040962288136257e-5,0.0036819509041379206,0.005439344171463745,5.2870229299006866e-6,-0.00016213808385145967,0.0002800086423775383,-0.0006547236054714745,0.18299305887921946,-5.374303425342841e-7,-5.283049334225964e-6,0.00013217793294728608,-1.1283597754069286e-9,-0.00018313396554958672,0.058781830353836995,-0.0002748730263988364,-1.397544989890226e-9,-0.0002160199543368435,1.0284300629159748e-7,-0.058101252499909606,0.0612469393736319,5.513559792752476e-8,0.016464684891616344,0.00016088764004962286,-0.005071706720627844,6.182008838256925e-6,7.321734628584764e-7,-0.1313542339412379,1.6454314885727683e-5,1.5301445832616167e-6,-8.504281982979478e-5,-2.1695530187659795e-7,0.001275810860306592,0.03764089159813011,-1.2316432123737897e-5,-9.479938693601753e-6,0.0006585128361731307,9.222681765508334e-8,-0.02333222670449686,-8.277424357050478e-9,-6.080761588700412e-7,6.164515030882001e-6,-1.6060317886354425e-8,-0.01664565830378706,-1.3651174324835758e-6,-7.424738393346786e-5,5.576586431743635e-5,-1.6103432975110576e-10,-1.756668043650933e-5,0.0003686142951551119,-7.458144679617362e-7,0.00026326721987857127,4.822687741795617e-7,-1.2222978634096604e-6,-2.685846081929011e-7,7.402900831010584e-6,-1.5231529976178493e-7,0.0013320532654859107,1.4726768931438983e-5,-1.4253868927394109e-6,-0.005315604335919488,0.0015983317424144161,8.621392051821886e-5,1.9856113397942465e-7,-5.2020854610645983e-5,6.824326351306809e-5,-0.029553519838373177,3.98474403695559e-7,1.5822446014848723e-8,-1.4256208375584833e-5,-1.2200408102014393e-5,1.748247191457608e-7,0.0002786190371750763,0.0006897539724377566,0.0023036460128196268,0.001380107389195473,8.34334384158808e-6,0.0004956072052095806,5.72718906610703e-6,2.3863273045598987e-5,-0.2999181867635343,-4.9712965176709756e-9,8.453802626817719e-5,9.497422650550646e-7,0.0156675256894232,7.809737307695741e-5,1.8328190960759105e-7,-1.6331910268618799e-6,0.0005837969965796219,1.8017386699265003e-7,-0.6231177343433956,0.0021974431539319994,-1.3600460173276985e-5,7.972781268517082e-8,1.8002109451135256e-8,1.1860765048443689e-6,-3.2076358002022798e-9,0.00028766608150476713,4.9942853852513736e-8,-0.7681032202144706,-7.603648297562079e-9,0.001077446124583048,-4.057356978837134e-6,1.8575255815278524e-5,-1.5937072024074794e-5,0.030173417067999253,0.00022550755662109623,0.008723120903596282,-0.0022495903660342265,4.992989723007213e-5,3.0277523516142324e-8,-0.0022387442484586018,-6.71129321075381e-8,2.8857088298916977e-6,4.511451371413955e-5,-0.39545601946883835,-2.2858916043019817e-8,0.128511422279189,1.522851591530261e-8,-0.000392257557663811,-0.13432751473010285,-0.0005769503526238395,0.0022268171044288465,0.0016846795923868285,-1.5552399749985124e-7,-0.09254136701292737,-0.004986973823747576,0.00021287794932334236,-9.006041247516805e-5,1.096704643388513e-5,-6.118064839119586e-8,0.0026792414832925715,-8.594699246966542e-6,-1.4822541434273556e-9,-0.1866585139578092,-3.0182685759050365e-7,1.1285371623426244e-5,-2.121840604694253e-11,-1.0375564047926389e-6,0.06319296077708714,0.0005117109872685432,0.00021521713048855418,-1.285849245830084e-7,0.0004574424685586109,4.224835223887169e-7,-0.00291463346647447,8.761660152956097e-7,-0.0022016384800735977,-0.45973254068303504,0.00020049401587129978,-0.02449807867014897,-0.00022753954647214414,9.67872579451523e-5,0.00021369672712268084,0.023058474219396885,-1.4413294765924789e-5,-1.8183967180229743e-5,0.0004499554629546765,0.0006395162774310847,-2.990634936743397e-9,0.06670301734266104,6.952160749307268e-7,-0.0801661849982338,-4.221594076814217e-7,4.1316140457492434e-7,-3.402003622809957e-6,-8.591650185740818e-7,7.900014488415597e-8,2.6030428935674976e-6,-0.6127961923134535,-4.647669059920645e-5,3.797064431587671e-5,0.00013190194742662698,0.0009724464620717299,4.288861105949948e-5,-1.9043190295497947e-7,-2.395278730082939e-7,-0.7850845885295712,0.0007081641639388181,-2.1332839749473725e-8,-3.3418742780011446e-8,1.5978353024026504e-7,-1.0757697276042588e-6,-4.775494738956665e-7,0.0006105023451254965,5.818739305318843e-5,0.01672916695179083,5.124924595634184e-5,-7.345425015847784e-6,0.22838471423347073,-7.639796584513192e-5,-0.06343959748346606,1.1119228475742204e-5,-2.0631344440635857e-6,0.0032210672520704975,0.013326504146789375,1.1217309581201818e-7,0.005760218265209005,-5.646346718402029e-6,-0.030452051858446794,0.008562892508052755,0.0006241467517611454,8.035127919137075e-7,9.684113958741136e-5,0.004904851410856281,7.345819530435449e-8,-2.1378520065340467e-9,-7.378724447804075e-5,-5.57409600941694e-9,0.0002753714424521547,2.667856299520821e-5,6.609563375503669e-5,3.762184786482159e-7,6.442799041668501e-10,0.002670288634192275,-9.154503093078414e-8,-4.513497979009851e-9,-0.1649860528705176,-0.0006037948938910631,8.51165378457086e-9,0.0033682761641102843,1.1056051114769275e-9,-2.4966605746690185e-7,3.7407223452134986e-6,-2.594262875188491e-6,1.1086004507276925e-5,3.2289455019096636e-5,-2.1643325889110845e-6,-0.002821999450588919,-1.0678575250944178e-5,-3.266287332064858e-7,-5.6688417775063726e-5,2.244689090602492e-6,9.046020200270677e-10,-1.0051681584855032e-5,-2.733718915592931e-5,-0.0022871429977158186,3.137777625505933e-6,-1.0405018675392057,0.026951031912176404,3.060885692043186e-10,-6.091495492910326e-5,1.0818518805105759e-7,-1.981144797102985e-7,-4.851390884441642e-5,0.002682148358118752,-8.837599124733586e-9,-0.0059353735159675125,-1.9298973189307844e-5,0.0011918426605177501,-4.0162275897343e-8,-8.9707896434605e-9,-0.010014391080403584,-4.318284520937743e-8,0.0005412694590205547,0.014506973840980208,1.8533311950008624e-5,5.006271156654529e-8,-1.034268435162744e-5,-5.741642773639949e-9,0.00082159612753685,-3.721873689865873e-5,-6.644734061589386e-8,-0.002441879647449241,-0.00432778123740718,-0.88811510767664,-5.120789558166194e-6,4.1735422432465086e-6,-0.0018005748214307005,5.448066807151736e-8,0.03184048033654108,0.007872529996348021,0.00029804155522938913,0.0005398820886739486,-1.0253517526139996e-9,-0.011308844029372267,-1.2202141212161108e-8,-0.1207039433720638,0.000857376735325488,8.238824204028633e-10,0.0027638534661491576,8.03524547769996e-5,-0.004220796825165962,2.921324949112236e-6,2.7168755725170968e-6,0.08985432112876879,0.003184466665970831,0.0012962392191866456,5.169751324807237e-5,-3.486192679588024e-9,-2.7973264069558468e-6,0.0007373620271664549,-3.1489414797913895e-8,2.5995935161855733e-10,7.646396053750948e-5,8.95066063311134e-6,1.4682668109111674e-8,1.4826581960392105e-5,-0.00015783264863955537,-7.259809692424998e-10,5.489253389612259e-6,0.00026559063100251024,-7.472619450304974e-9,1.8491159071987173e-7,4.713613881435208e-6,9.957121543946457e-9,-0.003354741076918799,5.910062058056553e-5,-2.2553722098139772e-5,0.00012384917344476776,-6.876922629128757e-7,-0.00018801875295082482,-9.008945757726927e-7,4.933763190706486e-5,-4.610700046203675e-7,0.0016143929948384539,0.00018021696450887248,-3.335288235178924e-8,7.741481599654598e-7,-3.604059125539294e-5,0.0028670864808191254,-3.5640077292065087e-5,0.0035304407697367424,-0.5619051851681434,0.00016895531560834343,-0.18662427428353112,2.964410253269989e-6,6.7379342576501244e-6,-0.023537984316590155,-7.080414026472415e-7,0.11147501721779918,2.5676470905011683e-6,-0.015845416273805313,-0.0038467188917366,-1.4707806585079197e-5,-0.0022725344638843126,2.0970846863477277e-6,-1.8400021648545817e-5,0.015047230989694071,-1.3201366026865946e-6,1.1112188540206638e-9,-4.3556778366385385e-10,2.765055619136092e-6,-0.0010297333196263025,-6.6880178783979e-7,-0.011331874013194465,-1.657975828850411e-7,0.0017003808246727203,0.05285042694231379,-0.0017870358351501636,-0.0006035556945676035,0.31799913597205887,-1.2419780887285015e-5,2.0198220564843217e-8,-3.3125346627915775e-6,0.3617557956744122,7.169013198193852e-6,-1.6544372828664056e-7,-4.426637615218953e-10,-1.111208222415172e-5,0.13893905794407146,-3.695089020738784e-5,2.377666193077721e-6,0.0017858615402630562,-0.00010594459134694034,2.394695894913923e-7,0.007326517182036696,0.006666999597655376,8.20781455956876e-6,0.0003043696328930423,0.007393101541310898,7.018797955282707e-5,4.3309598185548026e-7,1.7773080776724293e-7,-5.896440226915711e-7,3.424772656535069e-5,5.183697148608557e-8,6.336986552923918e-5,7.050816371034774e-8,4.055934936353367e-6,-0.6166699494622208,0.006256556771859323,0.007506349422271796,-0.0059160481955586874,-6.338251645754411e-7,-1.1331679400594652e-5,-1.5483197335353083e-7,-1.0283230507335261e-5,-6.923858013319073e-7,2.066406856737757e-7,0.001850968751682558,9.185792240046231e-8,-1.3568812174107742e-9,8.140347198537512e-7,-1.5458703332416057e-6,-1.3644769869536333e-7,0.00012930978164860107,1.1904473407042815e-8,9.356718909403483e-5,3.1487643763483675e-5,0.18713206064785481,3.6371637598620055e-5,-2.30821458249153e-5,-3.260617056355386e-6,0.0003026482262953323,1.9191197576928776e-7,-6.141227755149248e-8,-0.43366761648849206,-1.8173857817965766e-9,-3.2030291480689144e-5,0.0001961024761847341,-5.698559025699157e-9,-4.752507708793985e-5,-3.328754480391716e-8,-0.009733524373586988,8.170145067709633e-7,1.9608371607748865e-5,0.0012987935518040672,-7.30772203993979e-6,0.00028323769747373717,0.0007390923963157547,5.6960383231722395e-8,-1.8909969098368506e-6,0.002580942722374857,-0.0007002366956854189,-6.891881303931063e-9,-6.546632426829291e-6,4.9718619687944e-6,-0.00043514178514669766,0.02202264771267437,6.261274714137045e-10,3.2598026677987946e-7,9.478719386635248e-5,3.116271563019524e-8,-7.300518804331801e-5,-1.5881016106167323e-5,-4.32554207813185e-7,-0.734870736789162,0.00018446600567756377,-1.8694072664859895e-7,-8.915495746178448e-9,-1.1365564253654838,0.0023872854438309332,-2.872766764598113e-10,-4.1216355431417107e-7,-7.1309458071766585e-6,3.447829013958348e-7,-0.0037435384696777874,-0.00631671282417301,-0.0002532772050827248,-0.00042147015210503014,1.9612422859794504e-9,0.005417809626237613,-0.005172934081201674,2.784198566141427e-7,4.1804940315026684e-8,-0.2499736303179816,0.06881417478962248,-0.01617069460462517,0.002028426920333004,4.130997447227003e-6,-1.3185542473842515e-8,1.3424747959296657e-7,4.049700162056524e-5,0.00023739961670798948,0.00010035785638606853,-5.21008748588514e-7,-0.22074994505237555,8.761985020644403e-6,-1.1217413274644539e-7,-1.1587490681641555e-5,-6.785976549461559e-6,-0.005412782709754538,-7.339676384027216e-8,0.0002404408992777718,2.80799941687615e-7,0.0016797737043248162,-0.05734581734031963,0.0012470217677673645,-4.40122101097451e-7,0.013764248123152356,6.016361436067541e-5,-1.091522984630501,-0.00022554455084389247,0.0005352183970899205,0.00034650396756319424,-1.435344834120611e-5,-0.0002577091424882383,-2.1044878700804404e-6,-2.015354193279917e-6,-8.561102429402445e-9,-2.630378049817139e-7,6.676072176858838e-6,3.22521960388622e-8,-4.7433229689169965e-7,0.042688510788138956,2.943230260932239e-5,3.2664965954332104e-8,-3.658169786188714e-9,0.055578370733201155,0.002995396531332517,-8.658802905614493e-5,8.347483687609625e-8,-2.626300418029359e-6,0.0003745560189329922,-0.02209850629151333,-0.030895271834197047,-0.0034925201816804474,0.00010062928350862421,2.1429274489875166e-10,0.006624842864198399,7.4988548969257e-6,0.0007628395334915439,-3.673847981944256e-7,-0.06070023458596552,-0.003116472282272298,-5.0264209183747965e-9,0.00013587378201407319,0.0504514728918366,-0.007446290813277301,1.008595547435931e-5,0.0002248048271340508,0.002905910653907995,-0.0001350551518939369,-0.0010191968611934499,4.040544618888475e-5,-1.4260008741537322e-8,-6.449107311512492e-7,3.8474386497566737e-7,-2.013741210227238e-6,-7.223271992554126e-7,-2.1946884203316586e-6,-1.8618758440780425e-5,-0.030205612569261575,-8.501787824632956e-6,-4.689017668070561e-8,-0.0015224859297973126,-1.1783701792111856e-8,0.00013838557245249294,-0.00038165128358969014,0.001757257966914949,0.016008333991976542,0.00030618029151696646,4.2242615450049925e-6,-2.5153257318777378e-5,-5.318421335553936e-7,-0.0001547878037137379,-0.011382588809283334,-1.1957856506978715,0.0016085777764374143,-7.046899184320887e-8,-0.1583169912264566,0.0022772359679521514,-0.01343328448228931,7.392081860036273e-9,2.136651825745961e-6,0.012587860189853473,5.223753420580124e-5,6.462121998396242e-6,4.723526068062256e-6,-5.647888444570981e-5,-0.04518481679770048,-1.5190200045034352e-7,-0.004485347128820649,-1.5180932580710627e-5,1.6962999858094463e-6,1.1222033832790704e-10,-0.0048615787968628865,7.749409715318567e-8,3.005302280900679e-5,-0.06576365045111743,-0.00013001027493730888,-0.0002932625679719081,0.00022426185407198318,0.014611713544582017,-0.00031896339629788883,-2.480346781297271e-7,1.950125826821747e-6,-1.1167353255459034e-5,-6.245387581659684e-10,1.044363278669691e-8,-0.00630195612393436,1.703359154155669e-5,-0.010401059563665882,-1.5131484825126051e-6,7.5701526199623e-5,-0.00568851438947604,0.0001041057198634121,-0.47635358577463194,0.0007455932019766465,2.480986907638094e-6,0.000219821922655683,0.0005332237669506412,-0.0005736769035493694,0.013645725632159156,0.00030157960223675673,-0.8357656791977206,3.6250746883459417e-7,-1.3251084824694725e-6,-8.37648565177318e-6,-3.251088643629885e-5,4.057419333625134e-6,6.193446024482796e-6,0.00210430492489877,7.151108232861247e-5,0.00911766639956113,1.8240422968163195e-6,-1.4574550519785845e-6,-0.001513856053179552,-5.102150521629767e-6,3.375549239681419e-6,-0.10733695077578886,-2.317402780602218e-6,-4.123513419329594e-7,-2.9960764767800185e-5,-0.001958771921636071,0.0011101974986900132,4.823424349709171e-6,-3.027005832656471e-7,2.433200041729311e-7,-0.0014812326969604328,7.286900800540508e-7,-0.015029850237624487,2.7013268785042177e-8,0.008108986300499055,-2.3701448096602462e-5,4.1185040632996106e-5,-1.0913281373427577e-9,-0.1451909666575375,-9.540735845714465e-5,0.01326144051574829,-5.917817433587214e-7,-0.180414880043827,1.4388288531452798e-7,0.04433773276468855,-0.06187952358413895,0.0017192937841628009,0.00023838854778546192,-1.418243609010994e-8,1.5122383581478438e-8,-1.3166786341223258e-6,0.00011425721839941616,2.9518648275939086e-5,-0.4458844759847125,-1.3027994152231548e-8,0.0001192387993853572,-0.0026283440654140122,0.00028534931473167546,-1.1881336093644279e-5,-0.6023679621430347,0.00032190190535175134,7.485342148072505e-5,0.00014110898254671156,0.00018298770410041243,-0.16429542512923945,-5.02670396794057e-8,0.046148064285489454,-7.227219712913069e-6,-2.0212705380967533e-8,-3.3143568835616866e-11,-1.5241335714344384e-8,0.006182097287137367,1.7094867531264324e-7,-0.13109870652260724,0.0949723546000314,-0.685417207358114,-0.002493514358604898,-1.612333731770832e-5,-5.950471610915997e-5,0.05591482353338506,7.691450716329484e-6,7.568329114349126e-5,2.3146316941273504e-6,-0.0008546335921550963,0.00016002125706382486,-0.0005756462379906679,0.00012519319037096466,1.3242466971874478e-6,-1.279730280424701,-3.3337636669017456e-6,-4.998514048004665e-6,-0.002698216843384671,-0.001429205660997468,6.570025348762165e-8,1.3658996788068478e-5,-4.5155274772112897e-7,-3.141983820831307e-5,-5.297447790986176e-7,6.445109841024532e-5,0.0011332878525536216,4.016055663669249e-5,3.62820608591774e-8,-3.7194574104226774e-5,-2.2939266067112385e-5,-1.1440346155654202e-8,0.004205943788292643,-0.001412618921676767,0.00019129437410470018,0.0012563632276396675,7.241197792717813e-6,8.411918221984394e-7,4.7674131302244405e-5,0.00026565630049901756,-7.271512488058601e-9,0.0100585032721483,-3.47619767406826e-5,-6.07463535584607e-8,-2.7852628598520977e-8,5.472645295867551e-5,0.00020643817970267264,1.9515268780828654e-7,0.17009429117752006,0.018928712857359642,-0.0704005566331034,7.281161362282518e-6,9.068075004670106e-5,1.9589263349217845e-5,8.99570365767155e-9,0.0012323546465400348,2.5194212818421824e-10,3.185422893636769e-5,4.2198764202083794e-5,-3.8871294637948806e-9,0.007376991772105157,-0.00023376336701375067,0.007610546331306978,-0.09928005675465101,-9.732588053187885e-8,-1.4557841807039118e-7,-3.1956145368772226e-10,-1.782830480780151e-7,0.0011817916493157554,9.5498639772984e-5,-0.000797656155292259,-0.015739603640213318,3.155173200042327e-6,0.00023768195364937128,1.8143778259330223e-9,1.1479027400007613e-5,-0.0002005513438874118,6.347018529639925e-7,1.0064038702961575e-6,-5.0931076469140635e-5,0.09355388266249065,-1.3037521490177895e-7,0.00014743902977443213,0.09249696778556427,0.0009652645485687117,-2.034748913803952e-8,0.011315539753923076,2.7326231199359396e-7,0.037676364408469,-2.5441555329477894e-11,-1.9959737385111254e-5,0.00025385995284565865,3.2154699610487114e-5,-0.005977812025776075,0.00020986816501533667,0.05196721638458257,9.475378315304539e-9,-0.005293374330904044,-9.163118356525501e-6,5.454760909628931e-7,-2.071828074157178e-6,0.0003584884067038274,1.1395786223999949e-5,2.868958089763396e-6,0.0018197445693886038,-9.168842661555487e-6,0.0004172213510855727,0.01608180645973789,-3.301876105865631e-7,0.00013983568045716765,0.003868302626415243,0.012276234353521431,0.08889148655543977,2.2143436979149556e-5,9.570534063030323e-6,-6.064867300903387e-5,0.01124489523272132,-1.6226253496398613e-7,-2.8206062964386547e-5,-3.6313411712285415e-5,-2.702268811716202e-6,0.002406392131888424,0.005245034659310477,-6.989425355374834e-6,-6.81893987297677e-6,-3.8038366472620266e-7,-5.434042945395845e-6,0.00039457978249757275,-1.1381204689797642e-7,-0.0006682544909679677,0.0001249944072725384,-5.027338926488767e-6,-2.2762463718351e-6,0.02229437416735891,7.257633721975167e-11,-0.000108552340260748,-0.0008479579169602403,2.5106010009268154e-6,0.0008128189678018316,2.2097675684840112e-6,6.893671982766136e-5,-0.0024289541009352433,-0.8552322337291116,-8.512968702234502e-5,-0.00010757187616761144,0.007884567503424478,-1.9343212628086803e-5,-3.577435950807839e-7,0.005214660625824763,3.5360034171538768e-9,0.0011258048367324136,0.0004992276837327836,0.13830153214348684,0.0003146231725850157,-0.0008980442808308453,0.00034113304948846235,0.0030321498929879453,-0.006300161661783932,-0.0018028139397756604,0.001818260005393313,0.0008186978241724319,4.4268039772532575e-5,0.03995078209936764,2.4799852274881573e-5,-2.0388228879480996e-8,-0.00026140727995027646,7.48531430005972e-7,1.4042038305461801e-5,7.370441291243424e-5,3.719467060736559e-10,-0.0005331444440912492,8.50688502440633e-6,7.395208746707738e-6,8.373159716157375e-5,0.0001125718498045103,0.00022032737505384148,-0.0006940117083331643,-3.4889883291921997e-6,-1.775980425361423e-7,-4.44893020806747e-6,0.006088668827032961,0.014805836896357505,0.002719714699594533,9.391746599263229e-5,-2.0613830815086054e-6,-3.1829805137092992e-9,-0.0001280504218925671,7.465556553509778e-8,6.899704760865433e-7,-2.291997389602951e-6,0.006830348524090368,0.00423021017377323,0.00867056485321882,0.0018632098677358044,-1.6443765470455785e-7,9.66139625404594e-5,-1.2038925139012946e-6,-6.7207855322659604e-9,-7.309709398162223e-6,-3.8935806285778085e-5,-5.313307016585611e-8,-3.138467580526133e-7,1.8713726760211102e-5,1.985728687259325e-6,-0.04004409370099893,-1.940828794483318e-7,-3.780112217199871e-5,-5.9184935734535316e-5,0.0005327960507273133,-1.3681948578259107e-7,9.57661100535745e-5,-1.4343499900038026e-6,-1.1085260648324193e-9,-1.4844073344955078e-6,-0.529118882522198,-3.5089777787877807e-6,-0.009018827423460607,-1.14563127368017e-6,0.002513498710186468,-1.193830745035724e-9,0.09047123835625825,-0.0008586693662095968,4.085265719666609e-5,1.0170754944846538e-8,-1.1122192368137607e-7,-9.367535274383554e-9,-2.9494612192593195e-6,0.0003554181732283723,3.341400179657228e-6,0.013796972225463833,-0.0033568066522775553,0.00045959897238390113,1.9943841036984544e-6,-7.267826642010089e-6,8.60748403885836e-7,0.00010235491757626392,-0.0017386705621902365,-0.0023994222401597654,-0.06304838424193804,1.0665644334384439e-6,-5.338020254768913e-10,3.0017411436489283e-6,9.48070691375591e-5,-0.1552124964800896,-7.261932504221136e-7,-0.00965747786254667,-1.2091158667626445e-6,5.1218489787174803e-5,6.63920706367449e-5,-3.7601205371551316e-8,-3.9635074944310844e-7,0.01830317075837229,-0.00021608906781445114,-1.8097725867916026e-7,-0.004657126986899129,1.586842887091322e-7,-2.485059998058592e-8,0.00011468911076661925,-8.580700896348992e-9,0.0007917984171967873,-5.343535233071073e-5,9.151680248342675e-8,1.092252411183381e-6,-2.5351896840511423e-9,-0.0012013054444395266,-3.7999582029601964e-7,-0.2543466280449138,6.243636600444802e-5,-1.256427860751863e-6,-0.03479387604988915,-0.00013246289246637843,-6.966625253124192e-6,-0.0002025240464466893,-2.2580828973328693e-7,-3.8712283267905434e-7,0.01171992292564994,-0.03760629489261191,-0.0006886081357038165,-8.725634678772437e-11,-0.19928869402065175,-0.022251009513638564,-1.0938052167567408e-9,0.0008044511617981698,6.373329776258874e-9,-4.709651444442103e-9,-4.454807729370458e-7,1.0339782791080054e-7,-0.0009752020879716383,-1.3183577703829163e-7,-0.0018374277234300962,0.0002705021381785855,-6.350169202973266e-9,2.2350135042842334e-6,0.010575116962776576,-1.2185105570383659e-7,6.172457225872563e-5,-4.57055341485102e-6,0.0002536494926843602,0.0032078141247211533,1.645135242617224e-8,2.2915108700560793e-6,0.00021779952986378248,-0.07901913597197563,-8.907755618195456e-9,-0.721827760047745,2.3696011710594433e-6,-2.9065458986669845e-7,5.7383967133617375e-8,-0.12196655453044514,-1.973152288226032e-6,0.00013201195025658308,-7.991182053579404e-8,0.0004640229964820719,-0.032935313571215374,-9.78136152074427e-7,1.3699512921294676e-7,-0.0003808628362973465,0.0008040703493996659,-2.25191262481772e-6,0.00025103411532256814,6.764791643520951e-10,-0.2929551455999899,0.009219789306796677,0.026096185098595015,-6.093353412985059e-10,-5.8758034462425e-6,2.541744662964973e-6,-8.041403436465089e-7,-8.261060582825941e-8,2.52393950184171e-9,0.0003527848160445046,-5.164369952515013e-8,-0.0002736898626380935,0.001134129981892329,0.0026103408195581324,-6.030840256094488e-7,-0.00019082543823856213,-0.126277460680285,-2.262351522830386e-5,-8.524815629795679e-8,0.019917285506380722,-0.00034598005036201585,-3.2318257376928727e-6,-3.5334750618787325e-6,-0.009105907521188783,1.2823966095629191e-8,-0.0003381806801314724,-0.0032835875021532956,1.0928447433892347e-8,7.749989744398889e-8,1.3299294573942966e-7,1.323335703795614e-6,-1.1065142440911586,3.272968374101737e-7,-9.47332433942627e-7,1.7593374533220185e-5,0.00018236657913917043,2.3942990845515766e-7,-9.257501979931249e-5,8.033019365072391e-5,-0.8624577298305667,-1.5040001177801798e-7,-8.008712913329386e-9,-0.00014648183052656805,-7.207951440657556e-6,7.881689031208339e-6,1.4463272135500915e-8,-2.147085493772738e-8,-1.8487410668316384e-8,-0.1273880600360826,-1.1670609687753313,-8.359686244574505e-6,0.0007317992477737789,-0.0010065988221867883,-2.372179747772707e-9,-0.0774604008292954,-3.804360341197466e-7,-1.2840677127146094e-5,0.00044615702755379516,2.9464494073039305e-5,-1.5472579898423433e-6,-0.024863636022928404,-9.254061016927828e-7,-4.549624618932491e-6,0.00025176273176441555,-0.002848407335477532,-1.413687166162969e-6,-0.17552801158672082,2.7840686353530764e-8,-0.0718393545030267,-0.0013325774651491429,-0.06341830021119677,0.03640748922043713,1.0928600469028993e-7,-1.773808633517837e-7,0.00384747066749469,2.257820305474889e-7,0.00041945077474281334,-0.3625484825871581,-0.0005882913070536233,1.9211643199901207e-8,0.21042833617957513,1.3035709329686784e-8,2.864265582352976e-7,-0.002949018524702751,1.0205164726606597e-6,5.683858617603482e-7,-0.017862018240975885,-1.4647307011618977,-0.00015691577839227477,-8.221066274960442e-7,7.169725337874411e-7,-2.2400320358606507e-6,-0.011088311051594246,2.307401443246704e-6,-7.009054020512551e-8,5.197370153453562e-5,5.027182906403027e-6,-0.00017310519466207097,-1.8348836078985187e-5,-7.943800338416906e-6,-7.544853333207868e-7,5.3207011873723786e-5,2.4681174742857692e-9,0.010836980970907462,-2.521784990250353e-5,-1.3757171499206855e-6,-0.00034474592698252593,0.00014877051268058494,1.2083328607470634e-5,-0.011784435699155438,-1.3356502247541258e-6,-2.7526483634687793e-5,4.991863122860707e-8,2.8127275997213985e-7,0.0038594469533563824,-8.503306441788594e-9,5.956389378947158e-8,-2.2946400714207726e-5,-2.1255619357257727e-6,-0.7089405812330369,-1.3135691986132514e-5,-3.970615107684594e-5,-0.6322569083567942,1.3944460305957522e-9,-1.3622608110441803e-6,0.11735451342747183,9.894154389955556e-7,-0.27221909884974593,0.001897482193797373,-0.0016415203754149843,0.0017032076783607408,-1.591373871034918e-5,-0.0825822075130418,-3.443222528165535e-5,0.017653580835485627,1.3798665926198495e-7,0.0026958553871736513,-0.00012088536249871273,4.4062228965469075e-5,0.0390670980559662,0.037149216553189035,1.6741036303752344e-8,1.9657241652204505e-5,1.5264616962440414e-5,1.22185852724499e-6,3.411659575291992e-6,-1.1658648446655206e-5,-2.3279566829792486e-6,0.00944987155526178,-0.31688334222417325,-2.2120953487858586e-6,-0.03903423619340174,3.171940450227839e-7,0.013004987027670722,-0.0005133066831604083,7.922525302461736e-9,2.7845233656620394e-6,-0.990238972066436,0.13684709913650295,-3.871101269758981e-6,-1.6995598365633635e-7,-6.612410258099999e-5,1.0615624505105892e-5,-8.737897155275398e-7,8.656228931158694e-5,0.0015930131949062343,3.881791446147531e-5,-1.1481179768013661e-7,-7.263140179247785e-5,1.2653538835061262e-6,-1.4809492244471922e-6,-0.0006791839941797662,0.0005038041159650675,-9.529614344971904e-6,-1.6548058567877888e-6,-1.4903294354249447e-8,-4.6250628678023986e-5,1.5862953354428555e-5,0.00022969087189039783,-3.2367477331707306e-7,0.009302343234594446,-3.883417789118937e-6,-0.005410598867456429,-0.0008594150476710638,-1.1947405682832812e-8,-5.432261385857062e-8,2.240322059776645e-5,0.001025844795321973,1.859999636047438e-7,-1.2719537327912644e-8,-5.771275300324105e-9,-1.966486249393995e-7,4.930825303920902e-8,-1.0986051393047092e-6,-0.00935727863907232,-0.009077659313334152,-7.486749092300293e-5,0.011642355639196467,2.480475529864634e-5,-4.351274919933701e-6,-0.009667063530287123,2.2748492941815357e-5,-2.126409988978395e-6,-8.558341264119917e-5,-0.00015372492555343342,8.614295454040244e-9,-0.12904655921738595,0.002383274433668703,-0.026431518446770497,3.2055768806049656e-7,0.0006922302468126418,-1.3787567775480625e-5,0.0019510561701281404,-1.0236549935829786e-8,-7.077753303441625e-6,8.296337303193013e-5,0.006877645766508067,-3.134234328427965e-5,0.002969798424601322,-0.00038339749289661995,-0.0009011595975607634,-2.642876428815555e-8,0.0002770899565405216,0.0024122325085045304,1.823802325251478e-5,-5.232279001177176e-7,0.3024649802100612,-0.22249827397899935,7.089172288488044e-5,9.312954729523426e-5,2.885859375023614e-6,-1.8827442168856123e-5,1.224387577436481e-8,-1.0262430617108409e-8,4.549605355230746e-7,3.013156224085378e-6,-5.6735370110305716e-8,8.16358634997405e-8,2.5760854499568e-7,-9.035919011992927e-10,3.487701860649395e-5,4.968024913409863e-5,-4.6007270937398204e-7,0.00040350533924993215,0.12364087637979537,-1.1682362622833509e-6,0.02951987875667328,-2.1153319163663697e-7,-0.029464870021911338,0.001706058748823125,-0.058231198374414816,8.143025564777417e-5,2.2650771649423973e-6,2.5161931709212493e-9,2.4344194304859457e-5,-2.878195679012485e-7,-3.4832753001423633e-12,-7.730503923109033e-8,0.00017432335823741596,0.010016880793045857,-1.5216088876002232e-5,-0.08229632224538364,-0.00042742219602587284,1.3768030413530141e-6,-0.0001268230695359307,-0.013105142259973945,-1.3722623071199536e-7,8.73027438075269e-6,-6.957607519286757e-8,-4.428152723667811e-8,-0.00039119954362831777,0.00022987486863712547,2.5957790681374604e-5,1.6561595272968077e-7,-0.00014142657990134921,-0.005232376157437102
