0.007300919696717756,-0.0041169188521053,0.12901368773418653,0.02317891998569621,-0.01921655823934998,0.0034074427239829674,0.0031382386368932202,0.5317808197823979,0.09464751096129476,0.012266929541510763,0.018699328844377305,0.00786604766108212,-0.0072803503717295825,0.016954270487985923,0.07170830956681584,0.07971937085562786,0.0017535167789901607,-0.0034805976483767154,0.08417131081296247,-0.024488241451763315,-0.05005439212618512,0.007632525243025157,-0.2215762107844057,0.001269809090445051,0.0180769671114831,0.4667575209077768,-0.0018345869493714417,-0.012870585395830858,-0.016811928762763273,-0.03160511305031832,-0.024992193842990673,0.21259137823471974,0.04672825922170887,0.018591276914094124,0.36321009628954926,-0.004157419254624983,-0.057083234003698635,-0.019606455287430435,0.027114133695704368,-0.007165601337419503,-0.05444369330871268,-0.02557950697519118,-0.03476199354918208,0.07975715159500396,-0.0031156021641436382,-0.013080121818347834,-0.031589835668455635,-0.39810892570767464,0.009046952523931395,-0.0003705819690367207,-0.007535316155099281,-0.12533800756864366,0.021303984643964213,0.13686042751487548,-0.024819791062327567,0.031169574565865332,0.018463019000591885,-0.02954589415821829,-0.0691875497213914,-0.25013307709014043,0.0077394691106746905,-0.033900356006597576,0.05294932915785466,0.02376721423024719,-0.005239661637460813,0.009914203055814141,0.013911362359067425,-0.007649784943623672,-0.05536089597171667,0.004609081115631852,0.02393494466195989,-0.07457645179601968,0.02813242492993595,0.04194113412813749,0.010637779130775016,-0.04208377057875623,0.04119129697119206,-0.11195278558807331,0.13546093853437924,-0.003261120153183583,0.03258025871946302,0.208654063188078,-0.03330174287111731,0.00478783681319328,-0.025584193246686482,-0.007568419766357692,0.009215115116035122,-0.024086102974251844,0.0479995259847783,0.0016445685923827114,0.010421438244520687,0.00892639446647081,-0.05889822265339717,0.07977771918467624,-0.5593330228730338,-0.027117088888189755,0.006863158589112572,0.0006047999322618125,-0.3027448759203253,0.18516660208479152,0.09013603713174234,-0.020253123708243947,0.045869708297686884,0.0016355412280972814,0.11895024516979902,-0.032795885286759585,-0.02169608462679662,-0.010119040271092672,0.005842308863066137,-0.04126973157690372,1.529094222576532,0.0024067054473562166,-0.0024253478077298496,-0.034202400926005794,0.05122771744572674,-0.0002984013235618477,-0.0026206343609374017,-0.002353795575800177,0.34593941720777366,-0.05773539120491478,0.041861786905428744,-0.007299227043404244,0.0030405299257836305,0.004186382633633912,0.028205570663885737,0.05820272832716,-0.007584220868011471,0.0060156183844810585,-0.07816501869001513,0.03603548686442082,0.10809887286416142,0.021174748687371903,0.037504879831431026,0.0008169285247277003,0.01514362771422384,0.014951258577639237,-0.03935675055890897,-0.19471475066166022,0.6105485841334506,-0.08739927827991778,-0.005662576189934043,0.049196499479876366,-0.0007163675072661135,0.12272285998915322,0.018932345985376742,-0.025017041001774487,-0.9495658129017102,-0.08058804603570024,0.08018322555790292,0.08565627436655632,0.008358120949196746,0.16257080350351316,0.0037716475844717934,0.5948439185372081,-0.022827675231191336,-0.013798771991787362,-0.006846646749181673,-0.011354425939771318,-0.006367988476995379,-0.04045089768260368,-0.029878331457439344,0.03116433249670081,0.003380445883522043,0.017295796187227097,-0.023517116638686275,0.060652855519037985,0.03494829699411639,-0.5692220441851532,0.0012564426579046994,0.010465632352861576,0.03478493110378622,-0.021751500115442468,0.02626810214133002,0.002151052352928673,-0.0057235971980844624,0.011171120495419018,0.12075723264206317,-0.009167686037471867,0.01329994812113,-0.04072817245651095,0.09584139890648657,-0.021036607568703403,-0.4740346948237857,-0.0383149469307682,0.04026764225864099,0.009213953777361894,0.022193789127413766,0.03505448819507251,-0.011180506902746856,-0.20341655504671508,0.029942023484181846,0.0005824403870064998,-0.008769322327680129,0.020283698991988786,0.11278623782254726,-0.007107510355126578,-0.09618650949778385,-0.01239335942955222,0.02444002975789772,-0.026878399032284506,0.03409250454069479,0.029662612982065184,-0.01505187212023884,-0.001022232088871533,0.0060277818420217955,-0.5488132626487641,0.10721572818874847,-0.03998927127395291,0.0005141456422279589,-0.03153668057075265,-0.8147533394148923,-0.020553056005155668,0.01274609406300442,0.004550643367110752,0.0042942115887854015,0.040764738260804734,-0.01658012404368492,0.03015825272541406,0.005279232886095997,-0.3437641205491673,-0.15016706504684407,0.05474992584277061,-0.2810700486334099,0.017903464800838265,0.01741522275551688,0.18008952469972428,-0.4453791632586217,-0.04434381790633779,-0.002692206829578936,-0.882596693605592,-0.08329988432296886,-0.0018681820074561983,0.003977219566877466,-0.04112272377460613,-0.06850998465415614,0.020784450167411705,-0.0013885535627196077,0.02769055901444517,-0.046022920298128156,0.0058645708004405606,-0.04973130885423416,-0.23175785891862688,0.05604144249809906,-0.07247278617069242,0.008124001503801992,0.0011983350032096496,0.03381862447713502,0.1056926350354388,-0.00522915894180187,0.026502910961880843,-0.03024936333349615,0.0022173288662088453,0.013250648302346235,0.09154913884049165,0.015948822961945552,0.01434321615670342,-0.018985607817739947,0.25569006712430564,-0.041319758068311785,0.007301462888790411,-0.005883320774955791,-0.10267155975634523,0.00231505441115587,-0.00034561924258014187,-0.12312952782249909,-0.029126626712240977,-0.030037907155929133,0.036795832311327104,0.05638321372634891,-0.06500379518547561,0.0284730429884803,0.010338109475924284,-0.03714974893591716,-0.6580197142102406,0.0552858357950754,-0.004191479481050919,-0.02048153512441786,0.09432004542759387,0.03526697120832978,0.012839375053772528,-0.011143177893245593,-0.021207382022112142,-0.017684749296677182,-0.020025994457682827,0.02707082206143241,0.08914379442649079,-0.018677732499781996,-0.01987483789707767,-0.009868848032624555,0.2660548766816646,0.566407695971975,-0.00853650365388603,0.1196231577287108,-0.05169499409146283,-0.02343675733300188,-0.01297222202992998,0.08568365738483408,0.0017194457773257454,-0.0008116924109344836,0.034378069067315664,0.019221678088115368,-0.0006266483942454215,-0.05465344150252349,-0.058588570180290844,-0.02190701334257028,-1.4716032824508147,-0.02012015873879136,0.0018074993231493863,0.013051936904957984,-0.019722384999113274,0.005883682824787684,0.043053579200204695,0.07358299498082488,0.46838479019606893,-0.01277188067433599,0.031113013730646344,0.012856106368417386,-0.033820521013694815,0.0004820817594008986,-0.29938368797229487,0.03953579992685263,-0.011543154547325685,-0.011348900839948328,-0.017238266806089086,-0.056803995263180695,0.08282529681309825,0.018594385833353044,0.05841863865225605,0.05831699533882784,0.03320795728450321,-0.1396547805834416,-0.015062677532114321,-0.1273711165995337,-0.013992730164318345,-0.0233270649187034,-0.18256948828638997,0.83907858634484,-0.028996121519412554,-0.029990313480084296,-0.028843213949585333,0.10079854368814267,0.020538791693979874,-0.0955871926726104,0.023731024564767722,0.0007423742463288363,0.036355746547997114,0.030661146826332697,-0.03414676827378571,0.014167369321512524,-0.07703212553315097,0.0072991132428796845,-0.019627847967967682,-0.04146721148321575,-0.012037425187372719,0.041229098627809435,0.01603738039466407,0.03907983945464366,0.03473661485804769,-0.026421409650538408,0.014096868594663192,0.006182172261105734,0.003331772766614449,0.169525018427521,0.010330401519240695,-0.016074702765763504,0.20160129565465468,0.6462390879678424,0.10185188477043994,0.015312745103074121,-0.024037533786213316,-0.03336260800369928,0.38971437194777536,-0.13991109325070283,0.046858474546752404,-0.0029485020277206786,-0.019484832308990008,0.008700455343387148,-0.002508255754946731,0.022377442696779326,-0.010157486462048837,0.006852128041373362,-0.008942665226641111,0.03714426096121315,-0.008294994489915553,0.15684318686726328,0.030859101350870333,-0.03279797023969877,0.0009894527775031747,-0.006199737137649208,-0.03049690778425429,-0.036336520607619605,0.11040452366160025,-0.028933218593920174,0.007111828949746268,-0.0009512996548437513,0.013195266998991428,0.009204251798109908,0.00984617165158852,0.0075711996760219336,-0.07615099770919187,0.06398191420157673,0.004329082654294325,0.02906362910016469,-0.044853986451926176,0.0892570607838934,0.009836927948526863,-0.07333728171124676,0.0013370024098549038,-0.01906651989702368,0.021266952107907855,-0.0490369055296469,0.006684735803446529,-0.016675154696713435,0.12243040133762406,0.005112029616611835,-0.00010712486118791276,-0.030128112928650808,0.19646362713319832,0.004248314706273959,-0.02224790990294423,0.03442246809618155,-0.007738908883766271,-0.02401351009029895,0.060314886520245636,0.056105935418599984,0.024419435250820243,0.06936486654922192,0.05491069708659779,-0.09204666819277918,-0.011213843965379056,0.007896394018189312,0.06928034242446302,0.023416969233949203,0.05221941290437826,0.03693492383467856,-0.09569516787814791,0.04148059604995069,-0.09234514409763506,0.04085418825252418,-0.009263549989555031,0.0191630344488658,0.05926848300441634,0.0025133016811196285,-0.039972786616999656,-0.03198835078001139,-0.04105337055079872,0.02643105881043084,-0.005334070159733528,-0.005299870198996359,0.01716888154442131,-0.05312910689826822,-0.002417235575876475,0.010406976633021259,-0.05650698251520225,-0.06590683418835397,0.0044734445536960266,0.023239765185280703,-0.03233227176087894,-0.011799663087003864,0.021461449328398885,-0.01739481319236802,-0.007527949358518526,-0.028787619734430336,0.02115488238632679,-0.0915073444502923,0.0038589810646953993,-0.07748545548702168,0.005098358476971043,-0.03389086507195316,-0.005082672114440356,-0.04500565160014958,0.03244049776367319,0.01273811967621441,-0.013735823151364457,0.07882202771634184,0.0029212239969638176,0.07469712232887105,0.2602613212657161,0.1533727372661815,-0.003574119275526755,0.032963056710286764,-0.083860407584325,-0.06374003489911928,0.042170889883891505,0.0421916435928722,-0.04553987184044672,0.0023296717045013793,-0.0007713206468906719,0.03228525847589481,-0.03987695356590848,-0.0062307402090482356,0.04189021712227259,0.02819615831322153,-0.035658963715832215,0.07007903703924967,-0.0038714815211733367,0.03937402692827163,-0.012129618828112143,0.043154036273335805,-0.050636058467716794,-0.09318463480485661,0.03527125855907798,-0.016480350146366618,-0.036170287451113836,-0.13154696745095862,-0.00857429087818673,-0.021392809725512052,-0.01921080707506917,-0.0543710936599382,0.018101366204064107,0.07475870673079044,-0.005409491470345529,0.022561067968581483,-0.055958501412533224,0.03064902818732662,0.08935011463290721,0.03764371709985426,0.02872102050241665,0.008904384685592959,-0.037118784744961886,0.029992399024195038,-0.020180670489025943,-0.017689157702989178,-7.861929407226853e-5,0.02844921331416117,0.016335043637809576,0.008877589632902527,-0.010050469026737119,-0.07396749815598014,-0.03295187584444648,-0.018599321776093802,-0.034839888125134166,-0.02978577228168433,0.009120235536101973,0.032370878725032526,0.008697172440861323,-0.05429684657792677,0.06224335220940702,-0.1346650476175455,-0.028654434731379297,0.040103845349221956,-0.02849654377587285,-0.11391314014690579,0.10521658568177372,0.015947562533256132,-0.004249181718478212,-0.0525336283433262,-0.01889617636334151,-0.09169398231097148,-0.03027007556738681,0.009156812713172258,-0.02492407058525714,-0.02437978313946587,-0.010659678064712352,0.01909556147074909,-0.006098294183175312,-0.039008195148198865,0.00289346866361484,-0.1972206919308519,0.09700363385491073,-0.014566389277206326,0.02058969167592295,0.005484977300511673,-0.0001557834120831103,-0.05163284306763671,-0.05015117361290322,0.056847232688596705,-0.03320899374102737,0.16270042428004672,0.013848554983269423,-0.06893652583789844,-0.027060398441676625,-0.051444164566419204,-0.05210190552043059,-0.00860003912157481,0.09508902626839699,-0.05815692665055394,0.005687775195156064,0.04837504144779814,0.018197671117377467,0.12178410346132296,0.025385736130374426,-0.11010871292364754,-0.023625974295100605,0.0372701713290553,-0.12591830019498929,0.022706429721438326,0.004359437129551225,0.0255062727665063,0.028545238288188557,-0.09167595988765243,0.035821322300762404,-0.030429288304731017,0.03709244358469732,-0.0011990620250799111,-0.05852638414944522,0.06804963396992747,-0.013293167416122742,0.059866811427127686,-0.00993826414924115,-0.5351342769281473,0.009233680921170162,-0.017377213433064753,-0.04937890358087316,-0.04077377226576573,-0.06031422114938323,0.011148790566949174,-0.07335343553131679,0.16807510570379236,0.07938782907604036,-0.11000215306557948,-0.0026408407575218007,0.0004038777442474384,-0.0031671774868300417,-0.09059888240608416,0.014224232456399477,0.05334790768483799,0.05431168693576183,-0.02004861035675276,-0.1690619930648154,-0.012175316869615926,-0.03348891781934071,-0.03698842141966452,0.03186275188181753,-0.018065284595650155,-0.03801929668406956,0.03302049584726774,-0.037814748284290545,0.05937839826583513,-0.00906429647375262,-0.044353794073686004,-0.02859989213902736,0.04539855099937995,0.09214050392620265,-0.0009067883984243963,0.011885287330187566,-0.004579536314849975,0.18253131164237857,0.009385960882354993,-0.03659550249130916,-0.007289848468644777,0.00040120426638168283,0.051697991577498215,0.018107088766555535,0.0791495206503896,-0.03317731407514657,0.028974248089070898,0.02541633163878032,-0.0007613448269694345,0.1904769215007036,-0.042192923856873676,0.07484994666265266,-0.04388709191334783,0.021753975950559834,-0.06147221380888368,-0.001338331483566435,0.14697914096541354,-0.11986961766160675,0.019880217345416895,-0.04908711764983309,-0.05255357340320188,-0.12780124702112516,0.023918545484775677,-0.014854939814540558,-0.03921009830946787,-0.15781293594409362,0.11857610950391972,0.019154325091221835,-0.03244946006088867,0.07891321778151905,0.03743467598542338,0.009515254856069078,-0.0380294856877299,-0.001973793165234383,-0.04185210771356651,-0.01575347597849941,0.003744627474588924,-0.01017195080203237,-0.04386757400516217,-0.006272553503549716,-0.004235266692376172,-0.004506993169343332,-0.0008348483443114674,-0.050251744690285705,0.014193664932463435,0.015131841848415206,0.0021855389823031146,0.013720804061449599,0.023021721901386627,-0.004908900005830219,-0.0801983120618388,0.11393266553477588,-0.008033230253204238,0.01707308615459624,-0.024285244497150416,-0.0023500066199630965,-0.023836561577809334,-0.00454014440310857,-0.05493260983348591,0.03316892847215058,0.04023461891665647,-0.09227360435852461,-0.00847567898381385,-0.042765636324475054,0.03630672445797245,0.010076241709612077,0.018166313944675494,0.01238027478029835,-0.05076864670694192,0.2257724530009,0.01852217876148643,-0.04250418613810325,0.020931645940436283,0.0033849484534584917,0.11477639400982298,0.05128960540605476,0.19482310969760874,-0.048967091330268886,-0.020243820733412576,-0.051092830885863805,0.018414974598272238,0.023338948862146935,0.015036407281513675,-0.02406872181381914,-0.051198353270592634,0.01243082966448128,-0.06740011631336529,0.008941651476561674,0.012657598334044451,-0.046207226117985556,0.0704946176847443,0.06172859947218967,0.024793367618258344,0.03772051930354792,0.03888659431868291,0.04377747242460828,0.0036621657473006053,-0.00907498551896424,0.016821943185277632,0.004869154868629266,-0.0025565846913195855,0.041375577962753596,-0.005214414093643427,0.05905792877820204,-0.05152526804886293,-0.030630321527496562,0.02342733556724852,0.017744116124958964,-0.04680881387230329,0.04438961948335418,0.007460418130904145,0.029952199890431075,-0.00198987845578813,-0.006478559640527237,0.007905382737590116,-0.01678068866567628,-0.03966775163098646,0.01487767806975171,-0.03087658558797557,-0.011099518544142484,0.0074206275821779855,0.005367979985749116,-0.043814911045046756,0.024279415287310258,0.05739779200666817,0.06980304977332707,-0.05394378975961445,-0.02116377135826042,-0.004792043931956869,0.01925492347436375,0.00975036227828241,0.001986385715099459,-0.013352599409699906,0.030946142489483464,-0.07895727158393129,-0.047022568660395336,0.045955333531310316,-0.03927832889894489,0.0004498048392633791,-0.043327716759449686,-0.013261554144264665,0.01270529557223199,-0.08478514328999154,0.08131886704359204,0.002888541918764531,-0.0136134114509332,0.008445932842732873,-0.005662195708268314,0.10591153350287641,0.0024768799557932653,-0.007005547096923692,0.024702530905415188,0.02150993391785505,-0.02071093564700277,0.015982683697075117,0.019674116159876576,0.035071936352323974,0.0864545809736228,0.1026036705407023,0.013679655698979332,-0.08369831892832735,-0.006870776338473661,0.05465231637299439,-0.006440482107791468,0.22020696675826912,0.02534224101327709,0.16691098916726332,-0.009185296125906461,-0.01857210920570651,-0.0011950633770538843,0.025095131997431963,-0.07950874155449128,-0.03314246711090618,-0.0006905011578055564,-0.0019723044242709875,0.014732884155819193,0.03364440690347692,0.04241583174189145,0.02049599572637817,0.1427529502316247,0.08008478942338115,0.08677165544213494,0.0009119289825321175,0.017304202609011554,-0.030472394882963272,0.0278181128696815,0.025558337511029094,-0.08289491146570072,0.11707453012786573,0.03959901129564969,0.013682609451279859,-0.06598822652927083,0.0007284617483946931,-0.00012422989027527365,-0.02849114688251575,-0.00015837458806799987,1.3020177973110947e-5,0.0050699985804385506,-0.00033870563400739684,2.8720082980663447e-9,-0.00035420984755774043,9.167164058479504e-7,-0.007568237345594753,-4.2239578808001e-6,8.993885495556242e-5,5.612606732673109e-9,-5.023969245993021e-5,3.3402242295872686e-9,-8.770817784053975e-6,2.7636843688561008e-8,0.0002714032005783906,-0.00013026074866395732,-0.0012135820358167848,-1.055225807455873e-6,7.251686531617452e-5,3.489366931397342e-6,0.008842251441365079,0.024072615100521944,-0.00011163257197921439,-1.9108799789663636e-6,0.07951733127310945,-0.0641578719169047,-1.3226090912060728e-7,-1.7880667801950523e-7,-4.626444891897563e-5,-0.0036688705370124808,-0.0011177553577681465,0.02760472112277057,-0.1508294114319142,-0.000864944213731178,1.199733826867666e-8,-0.029392542543064337,-7.157875994145968e-7,9.459504911824013e-6,-2.6713992726246083e-7,0.04213304538461671,1.7730549773942172e-6,-2.434046439446849e-9,-0.009580307792020903,1.1543110058266247e-8,1.001090740970767e-6,-0.019803059747346197,0.001789061559293259,-0.003314722713696483,3.2661046676235594e-8,5.2774295957597195e-9,-2.491376824614866e-5,-6.981925948501555e-7,0.012520155160018476,-1.665822772523029e-5,1.283806921326125e-7,-6.592929988613605e-7,2.5261606193538455e-5,-0.010367738333115994,-3.1812671352771105e-7,-1.0977871566647535e-6,-3.285205427872029e-5,0.1541720984823769,4.376185625099005e-6,-0.23174964274403465,-4.205124973566399e-5,-0.002623044658321305,0.0667388907604618,8.639700559864849e-6,-0.07977233373821946,-0.0005754382134455227,0.0011345515848688592,0.007755735477530834,-8.009253257557081e-7,-1.7623409048761474e-7,-9.063770676220884e-5,0.0006421772390581282,-9.847290680792264e-9,-4.2215380069432484e-7,-0.05058979339082725,0.006608349670614189,-0.00016939955513350924,-0.2676927160659943,0.003953204670779087,-0.012253967830929469,-0.00048601559922190063,0.1477139804383114,-7.58886097934619e-7,-0.009315736731878133,0.0014217047123565862,7.2346019227564895e-6,1.7995058849251677e-5,-0.17050530921915197,-5.310193641250294e-6,-2.864818784420464e-7,0.1931878648174461,-0.13453186936749262,0.00205386168363475,-0.16002111140915076,-6.395639051692825e-8,-4.0842098262411364e-7,3.145135558685775e-8,-0.0983635145239532,-0.02102653253086828,-4.441394111154295e-6,0.016501656465152337,1.4422404234215591e-6,5.193394507774229e-7,2.1455473721232465e-5,1.932095547302337e-7,0.003778449599394662,-0.0015166591364277338,0.0012079415110974878,0.03162766774039483,-7.757534511654285e-5,-1.1975114074802562e-6,6.140481548233545e-7,-4.0147631580333965e-7,0.00014221211228004904,-0.06197861066721089,-9.47038538470224e-5,2.3204850259084253e-6,-0.002698045403803917,-1.1423342837629802e-8,-4.237173193283317e-7,-5.2201693664325616e-9,-2.1584519931394652e-5,-0.02464416306338535,-2.0298840806010077e-6,-0.00043218690893809253,-0.0009369056784045426,2.560910369542313e-5,-0.02733847724084626,-0.004748810405089898,1.136554256854494e-7,-0.00046271843581280336,-0.019477071153232828,7.570167015913398e-6,-1.569394217137976e-6,6.717832419056435e-5,4.979657803466653e-8,2.1164163093410904e-7,-0.026721170179371256,8.212505191096398e-5,2.45163778186952e-6,0.009257582345526316,-0.037308014902009745,-0.0008403498900406703,-0.0002748920111534936,0.002114785858260859,6.845891740644983e-9,-2.919897916231484e-7,-4.771123384594844e-5,-0.000267785843206525,-0.08582293465224211,-0.009598914593425434,-0.00510346577175369,-9.080251540671824e-7,-1.3356177049672624e-5,5.967884502610862e-7,3.937507432605347e-8,-1.1064714800834707e-5,-1.838239327867086e-6,4.899808578429088e-6,-0.06152550562637771,1.0011391406248432e-7,0.0008458348972908425,7.558425091147569e-6,0.0002747135659814104,6.818192720310645e-8,-0.0011840198865229468,-0.014147265768315265,0.00043894441014913355,-9.28890713112196e-5,4.637583180949756e-7,-2.589236078875956e-5,-0.0015492904423126674,2.985669842608951e-8,-3.8044222241614967e-7,-1.8622499986520324e-8,-1.2738301398973473e-5,-9.529208827574465e-8,1.653268859036494e-7,-5.3589221579386503e-5,-0.0003570873517695361,2.3807688531788914e-9,-0.020998004691136885,1.9492448415092678e-7,-2.373019075685434e-7,-0.01570735431778303,0.0003903039159922628,0.06805251325215522,-0.00019487596016176667,-3.7158057907049624e-5,2.6600850046992752e-8,-7.451214270592921e-8,-0.00019854508693128992,-4.2375160158591996e-7,0.00043851180322462824,0.05396680084049876,0.06631687228218652,0.00045023742131888866,0.00019689855326987526,-5.772215632138256e-7,1.2098761696926336e-7,5.15982155736925e-8,-9.961442924589364e-5,3.291795212634341e-6,0.0005001660342713876,4.3589660647658235e-5,0.02080203369564515,1.2609219986192688e-7,0.009328859610832296,-2.0907852478213584e-6,-0.0005580082418532584,-2.7401711796826156e-7,-0.0007094943067613713,3.445828521364547e-5,0.015523686970482231,-1.0341627402002396e-7,-0.00022174333730617946,-5.687314412838873e-5,0.01303556321272481,9.901951019547495e-8,0.001387669077416831,-0.15869342602672987,0.01662473747273907,5.877233551387917e-6,1.635461700316915e-8,9.81400774761193e-8,6.575555092069862e-5,3.069249564391363e-5,0.0006658458000856626,-2.3225717546079827e-6,-0.0002462826014379971,-0.1525675724260509,4.7905368152356687e-5,8.483735441444651e-5,-0.00029657666387095105,-5.119992513868965e-5,-0.002910975873760435,1.860157425070952e-5,-0.001223025534500266,1.059246198999858e-7,3.451586039551757e-8,2.629080335880829e-6,-1.9934477100136405e-6,0.011446034565324226,7.597643587398464e-9,-0.05173839555027371,-7.504024698334888e-5,-0.002095897854587747,6.049588333212341e-5,-0.021517204648262123,-3.269667799044029e-5,0.003131057473638066,0.0006460969854629184,-0.0008698391136476857,0.21534899418475106,0.042462890120077645,3.884487161445738e-8,0.0012575382108934718,-4.288751289022175e-6,-1.050749267950124e-5,0.035524976381566375,0.16261360204953235,7.545990827421273e-9,1.3574876071009712e-6,-0.0006440041959905329,-1.0960485205720183e-7,-4.8108905970067894e-8,-3.653768026745663e-7,0.18007964332355186,0.038728250798158115,-2.6963293026760482e-5,-9.571317885281871e-5,-0.11573158855026122,3.0575476732686013e-6,-0.5415872312732972,2.67151004632038e-6,1.4324624514339135e-8,-1.0190988253278022e-5,7.573092842960705e-5,1.1336340441890635e-8,-1.1428482467046308e-6,1.1870896717003365e-8,-0.00016517800624527013,-0.0002910316085120712,-0.004676394462990174,0.00014830357247319625,0.06458267773268744,-1.889866969584375e-6,0.020210067245898244,2.2635268096134718e-7,-0.0007883472112553136,-3.4893987459483355e-6,0.011621359086348093,0.17082797264447436,3.704217325650738e-7,4.231623338573406e-9,-0.001755687015474905,3.7670185568106085e-8,2.306414566104198e-8,0.0010087122025765893,-1.3554337229493285e-5,-0.000842220474567057,5.580908003649521e-7,-6.510446990404262e-7,-6.7252203045375936e-6,-1.2460698950944593e-5,0.001617136688651044,4.107458846327626e-9,3.3632270504159456e-8,-0.0019739516841355,0.279445298074279,3.235717429238283e-9,6.579664403594254e-9,1.8905680895908716e-5,5.381599021969663e-6,-7.0244617367265505e-6,0.0028497080400029517,0.04975867408938939,-0.00028408192700624113,0.003368201085322653,-3.184229117181303e-5,-5.1786575930634626e-5,-0.0012704792601994086,-9.082019409412112e-6,3.459461399434212e-7,-7.25091133801925e-5,4.934405874479353e-5,0.0056706733589635405,1.926492594872542e-5,0.00020554906875958068,0.05922097847360419,-1.7075622092688203e-7,2.231638277774492e-8,3.118961919845731e-5,-6.03097226115068e-6,3.44231309856724e-6,-1.5633535978665236e-5,-0.08330097517591639,2.7778732623732517e-8,0.00107822097402277,-1.2470267616564862e-6,9.126830589900603e-8,-0.11095600652333815,-1.0648931541810958e-6,1.7225113824181904e-7,0.08132946641853778,0.13643851203960367,-1.0872587813182122e-5,4.8038703202024635e-6,-2.418540540105596e-5,7.887460925712353e-8,-2.8607849955619713e-5,0.01614089849499578,-4.2732923816402035e-5,7.155418644752554e-9,-1.7527407352793678e-6,-8.441935348102447e-6,-6.028748592679101e-5,1.0755793582867268e-7,1.6242057860438308e-5,1.9086017977870684e-8,0.024955100350780413,-0.076712214264262,1.6936420129676222e-6,6.2869318015468245e-9,1.1714437465545902e-7,5.683651943533263e-8,-0.00031164820302365115,-5.338073698624157e-6,5.376324440931057e-5,0.0008255599960591553,3.9412319863263434e-7,0.015701743083923247,-0.010700283408368705,-5.347737550120968e-5,-1.5819196167998761e-6,-6.096131210275857e-6,2.6675299338307923e-5,0.024948130972006766,-0.0032375911782054345,-3.1444129344575245e-9,5.979355125873553e-5,4.205717782932231e-9,2.266860072008825e-5,2.743739759263758e-8,0.00025736779928919873,-6.349315967435487e-7,0.0011010981564822941,-1.6757441462927902e-7,1.495830529663067e-5,-2.8181337938804063e-5,2.102469029097165e-6,0.029463597182257217,-0.024963155905425083,2.3137137269979569e-7,-0.0019899247258763353,-0.015603819861553347,-0.0008019361468285524,-0.0033728364105627406,0.05122329332152731,-0.004597805049570525,2.2855626395923423e-6,-0.0020378541199761457,8.986348382222786e-5,-0.001424636472961538,-1.9294252208812424e-5,3.5565525274838805e-8,2.9364251855068524e-7,0.00019101918144315277,0.004508028156124055,0.037461301079019904
0.05841571083146846,0.018266924238560023,0.0937027671643591,-0.009901831833303731,-0.016649013603455387,-0.0474038798129186,0.05121444009273546,-0.3425470902275265,0.08175287048470636,-0.025454446411458775,-0.010848043435544241,-0.05398466354017728,-0.12699152449931717,0.009902338651954778,0.019945016442989072,0.08223317893452986,-0.015766831063956488,0.00917490778829233,-0.09909877891186625,0.10702114025480114,-0.037806748154253,-0.08738891179564234,-0.04439135613938561,0.009671262549090898,-0.014391114002137328,0.07992883171755238,0.007431645135511644,0.010385906102783338,0.024573408212745562,0.06825569364445983,0.012779847165802494,0.0755781300858871,-0.040632995893247426,-0.01575933896629067,-0.047383246921526734,0.01687444454000797,-0.020192913942707946,0.036334932476165704,0.02985148419838879,-0.044856847088340146,0.11921049086595303,-0.035170395645764074,0.1610428507447068,-0.12996633936154467,0.028414267536177817,-0.01929092975478852,0.018881057078033336,0.09378307978749945,0.002671744758117711,0.08896767072474177,-0.20904998392211382,0.14174582556370297,-0.02744921527300903,0.12685502413660288,0.08354944745588,-0.04287134927017178,-0.02674435804692621,-0.029900014266786457,-0.01477946146769682,-0.04085655238304753,0.027465756866149604,0.03723578728931898,-0.045308558037504554,0.01574977558016144,-0.10694625170981453,-0.00028738593027810566,0.06925286593468627,0.05823944694020611,-0.029606998543386,-0.07151662515298085,0.04797744273309945,-0.15348779421947256,-0.038224083014938515,0.03431438454208546,-0.16575073214335134,0.020620324292394798,-0.05620064159302274,0.01816325147228781,0.09299446152363089,0.010525455843890086,-0.025156668150884798,-0.02267597431455215,0.12664358620531857,-0.04666845589190416,-0.021006323364417767,-0.039183824042993365,-0.0059981466970384645,-0.011237813694606302,-0.03437745853079832,0.011832046508061467,-0.04746320928825298,0.02638357527393964,0.003422318671937319,0.03586767862816487,0.606412308072322,-0.054572583671870234,0.05306333165572141,0.0029375773228821345,0.10289699512577499,-0.10197297301056096,0.11335194661296555,-0.015503892267588526,0.008600273493357236,0.01988283748141839,0.03875084746414359,-0.008397904370212927,0.04231195336410565,-0.009778594525414519,0.0026957599475281313,-0.07427883570198901,-1.1728525888847798,-0.014028615238203201,-0.03611364401149331,0.022320527030387893,-0.09287774313997943,0.08550482092277889,0.026055656424432527,-0.15185449096497905,-0.175209782904858,0.09999323639203794,-0.017393930449543404,0.07332862964540254,-0.016674681777658407,0.0006816323148086667,-0.005840851508992273,0.027474895363411633,0.0013352269124879967,-0.07549533409473952,0.03076064709966886,0.008496601427395944,-0.04818269691190835,-0.04499300097631931,-0.04943553009616153,-0.024518769003407215,0.021349231862814122,0.019736872796784155,0.06724177979231172,0.1018891377862019,-0.2840120146794334,0.08573077385153738,-0.0018580693540570792,-0.06334652344230562,-0.04647121640300611,0.18258576119114878,0.029723430656304117,0.037979439253831515,0.553840619919356,-0.0592746452261963,0.0027585254711084417,0.049855416335049085,-0.07586899689704296,0.07317387596685876,0.035115881084493594,-0.4716243679117724,-0.00923873752367399,0.016132103201016434,0.04088427589249477,0.025785366600757698,0.030183386690623593,0.01617541492669261,-0.005734356593166012,-0.13762647585826926,-0.04555291142605711,-0.03546844460743159,-0.00807092229661066,-0.019737366587833094,0.021440574168082094,0.3203624072120874,0.03142183499949169,0.031304699162319594,-0.014484312676358968,-0.03273372667922558,-0.03838257562892977,0.006627971111811348,-0.061555748026876245,-0.0017927476728800684,-0.03995790909175412,-0.008047603312661522,0.04829950931889471,0.0945245956445433,0.003076420243814937,0.006204377866652067,0.3143448493901815,0.04688904081922374,0.003350885521285818,-0.003945979937270749,0.005164147190043877,-0.04910340184596862,-0.021853729071153793,-0.2087970356878941,0.016265391095657833,-0.02170145868876716,0.0001639365200389875,0.0814751129000797,0.12484247595784836,0.02524758044455666,-0.0904413918251521,0.012601488924701698,-0.007210635182218539,-0.02480472046045179,-0.032318536234242856,0.06611740350490436,0.018806439722538926,0.1252118004381373,-0.029013447085617372,-0.028870840129457065,0.05574041435465915,0.04006088482492487,0.006841027258815302,0.06356099127197012,0.4970778131391853,0.18836401485168608,-0.013369476498155564,-0.08606573477300117,0.01066157738569018,0.03573547548512579,0.023344570476183435,-0.026609484549453555,-0.04040441512916004,0.175670795073529,-0.010343398455006536,-0.15550771604830516,-0.07108732832421083,0.03742028472606762,0.02063252431435103,0.05049900311678357,0.1184832115250174,-0.06827958276699064,-0.022537885399287916,0.27256156044313684,-0.09705936776390445,0.028469948410929646,0.05822985049599083,0.05045436219734256,0.02635128282418009,-0.028202436182255042,0.015895883334451355,-0.08333320926612942,0.009829220271967642,0.03341734460104817,0.049732403534108016,-0.00868677967991971,-0.061040771412081085,0.14748695011076052,-0.010940506001588801,-0.007659080742087099,0.010903755624894984,0.03670693663093516,-0.0712791652258602,-0.04294490396000583,0.004717145591712324,-0.03692297479574336,-0.08978714011755073,-0.09472047700546682,-0.003661028647911735,-0.2150935488534742,0.006960821421671426,-0.03549963706245762,0.019263644784587086,-0.12242538226382749,-0.038626576311799,0.025805265067901928,0.0020143337642366532,0.012556461462736479,0.029479741280681537,0.11623605991189834,0.027618762613201397,0.029986622066644486,-0.060730149007213186,0.07202039867115673,-0.029286413358931895,0.06427230658300687,-0.06324188075268466,-0.12135711711016484,0.021048977905593347,0.005888572139156167,0.02186982311832253,0.06126085517098545,-0.025326486320409458,-0.008044083348067943,0.05024662654614076,0.06822553164965939,-0.00608111755354912,-0.009848329635133268,0.026778126133649494,0.02241171988498536,0.05962998842005618,0.00859261334699113,-0.013934069828110296,-0.26510540991512244,-0.5234259972266955,-0.006328674084215891,0.11485473250650102,-0.057703330073081815,0.0450766083409917,0.05064365810540039,0.0015398179630210507,-0.11424649355444672,-0.03186038183685014,-0.02027943249049713,-0.07567346721725698,0.021187654077948537,-0.030427197706558218,0.07491020814450167,-0.050495978004619246,0.8864739559940062,0.024699266568859457,-0.0159139562274504,-0.0018974922131747007,0.09255703612325306,-0.048820038806297816,-0.040764395918813534,-0.08253285586397396,-0.0544145084718366,-0.07297123755324719,-0.02942244990117615,0.024010529348743148,0.06847370690047683,-0.03582037127489457,0.06331889885586861,-0.0175848063927333,0.016205302123125875,0.011939300084122806,-0.05306105491035851,0.13398522542274804,-0.154569699530839,-0.0019246593437856063,-0.13573871756261724,-0.04960809956628509,0.0402475802520712,0.08418614851689199,-0.015944836963171838,-0.031441038350749295,-0.004893353132501943,-0.008877455533365719,0.19522456843151303,-0.5603600405156612,0.06396310671766514,0.15326588596508373,0.05234131563338451,0.131424877763493,-0.0375575092039071,-0.06192468102562998,0.0022687977793793834,0.024142698754076264,-0.011741954863282444,0.03331632417666697,-0.010833185238880105,-0.07764703621069202,-0.032685469173884485,-0.05031191533907986,-0.026953196636895882,-0.05612733219368238,-0.020146523653238546,0.026175728809903376,-0.020113922260861727,0.08521334480610676,-0.00492083053359238,-0.031088870561688964,-0.011533536282541945,-0.039489762757511926,-0.022267034008109476,-0.03942871524122893,-0.0481896058190614,-0.05522483992717753,0.0251663662647843,-0.16635870726167923,-0.05767522475798614,-0.0046254608660092345,0.034387972082186025,-0.008969568016254925,0.001367836357530905,-0.042561147682135925,-0.05865096004708903,-0.00675439351471141,-0.038220413137878495,0.010419944902878342,-0.003524846539221471,0.03860419809916493,0.0007159742854128126,-0.01202421769812645,-0.008117266897897935,-0.10783136144164018,-0.015004502976807998,-0.020326823174400488,0.003545800323536241,0.040892824806178396,0.008771608003371512,0.00047232616452674847,-0.03535452301730402,0.052616915513681306,-0.09664703081170956,0.03703958952064568,0.013862080043509195,0.006741164124832721,0.017818537136918167,-0.04742789761439781,-0.0540825152902471,-0.032326435641152784,0.14254485907622438,0.0028907992200402077,0.007112102110113483,0.011529106239322573,-0.012265305802429793,0.011208386037651508,-7.23281737009529e-5,0.05084409312803473,-0.02090658819906821,-0.0005860441524419002,-0.015430626513079915,-0.15317065533236018,0.07774022884723308,-0.01546878772569471,-0.14347549377998803,0.04382407023149426,0.002310306363028758,0.07091008238239738,0.37448876782582374,0.014834135812634486,0.015537709867203375,-0.06853712049769456,-0.04544998072378803,-0.0669990390597377,-0.0653744104456564,0.04528339084026811,-0.04448717553350434,0.65282183850195,-0.014661832010460785,0.06359040027382434,0.09202414755418431,0.02629552473717922,-0.0008742467616684735,-0.04044106719629781,1.265011024021078,0.024265948017500705,0.0559871892000956,-0.3881451884226408,0.03895275166723877,-0.03147984763927525,0.007164713992096949,-1.1279762896629109,-0.014801754765358055,0.029407394990812463,0.10976528706669342,0.07660453121570754,0.005033975383412326,-0.02237427674845094,-0.0064741855530883186,-0.09650601318480767,-0.05025901281078404,0.014157393505229265,-0.8379113361943382,0.07981495740750688,-0.006247261702810647,0.0863754985111882,0.0036713954259539605,-0.03785578286260716,0.11934801520123983,0.011523844241310144,0.02023616544147444,-0.030258709499321412,0.09836301632640243,0.04644635840486444,-0.020829105042139417,0.11245389052965038,-0.07580977920224541,-0.03271406272756394,-0.1379226490171277,0.010527933690354985,0.01086492008107598,0.11240546467706736,-0.054742576493481465,-0.005766766025317338,-0.023845491585234413,-0.11362580959621482,0.6338174913980765,0.08071565913269296,0.9510839830763871,1.8913813515919173,0.0469802229031302,-0.040177902606956195,0.10788619179584202,0.13775698502013256,0.5568480705223919,-0.062123999741594105,-0.003885618079948472,0.8118983037347789,-0.006123882976680761,-0.021264594593958464,0.051468024581481586,0.06176323053296073,0.007660031698833336,0.01928539375512628,0.05579341046177433,0.01601262046096963,0.09123643228485889,-0.06078538703150116,-0.044920018516677374,-0.02554561478245887,0.12622905866192013,-0.05124839663221792,0.010375801946793217,-0.03218592023841893,-0.014870590794259897,-0.3787574473408313,0.012287505408494326,0.004333602095357492,-0.06851088475377765,-0.009216817550623091,-0.05812673393302248,-0.014532814995618537,0.01520183287357213,-0.01797753080700204,-0.03187501536740456,-0.12005804758518934,0.06883708195709914,-0.0011936834889638703,-0.13970150711793394,0.2833356815317529,-0.0029914328770246357,-0.0709463790335576,-0.0086865401126488,-0.055031921325280564,-0.036322576084785396,0.02442220049124444,-0.037096283784194384,0.024225561620369263,-0.10328460957674679,0.02037872754590353,-0.05884785350281163,0.05930924588739117,0.008283919873065315,-0.009637452281822334,-0.03932998426716949,0.002758235877081461,0.02119363758856707,0.1415264650968311,-0.046613834478193894,0.03703268200706589,0.021419606005110836,0.061220747462357394,-0.4341243914241204,0.0030124556433293037,0.0771300516280462,0.04245315273874439,0.26027595683626714,-0.07480340077233905,0.025610162745579146,0.13889133885095362,-0.02892059499208699,0.09948672745804288,-0.05684901573476964,-0.015228535150527023,-0.026681501603889046,-0.11881306267605396,-0.04507777596154483,0.07674320651312883,0.23780925760763694,-0.8849795111600542,0.15318987741193268,-0.007660859368343154,-0.10472088148162584,0.049755207961425185,0.010118839602910157,0.02658785077437642,-0.0089863618122763,-0.07065964108369371,-0.043736170697457055,1.5590749696089006,0.018253071517392527,-0.05114181915223526,-0.07049643889831714,0.10411251296727642,-0.02552869765440846,0.0770021740897846,0.7044090682829847,0.08361072777188383,-0.05030892337595105,0.10684406467044028,0.12625829898570373,-0.0662839997194169,0.0494963716764687,0.15943036108637898,-0.011728685102752934,0.1376484284342041,-0.6656312471416186,-0.107174580633,0.02963475201977417,-0.06548509397725866,0.02719027513285255,-0.5018978831321874,-0.07909993282373762,0.040813593830534955,0.06943828237490379,-0.04809970985934342,0.00028495019796537235,-0.018254919511250023,-0.04000398993230192,-0.07791375668239198,0.008153508370014606,-3.225004220548726,-0.01603513204099727,-0.00803866558635491,-0.04034046892502374,0.07494484783001099,-0.10747112073295284,-0.02954469423275441,-0.10554842805686349,0.39562829249189235,0.12230207030916063,-0.021973803115542978,0.020971800384359085,0.04148464610261726,0.1818765086827625,-0.0042261107792000985,0.10917130688176258,-0.045708171355727245,0.06006039747620662,-0.023450211694580503,-0.5346982943592593,-0.0649007516913116,0.10656060709879966,0.038298853523883736,-0.024648790567880496,-0.5127827705418895,-0.12392188031844853,0.09098102424104582,-1.6704300240962766,0.049351318059052574,0.030637475861794883,0.04744783932801511,0.03794650955751422,0.007762077299048542,-0.09742528670176398,0.10715538053773344,0.016213426031754352,-0.0839980303280754,0.5141019102675273,0.020648438316129614,-0.023913315138770486,-0.04370959727202717,0.014083242931519635,0.5205426817394709,0.018732632118826587,-0.09178470294864383,-0.5568007224792382,-0.03029819384937582,-0.014087019598264305,0.0672071999806576,0.5892218180997588,0.05638159075829208,-0.015603604742864263,-0.28503106365997155,-0.03394994395421236,-0.2873291652103944,-0.04465884876117343,-0.06375187788216863,0.14741694391523197,-0.0827801073428418,-6.97251580277225e-5,0.07888337916483579,-0.3567040999987512,-0.04276078095608682,-0.09920085234261933,-0.037852822739807834,-1.0200863619538723,-0.1100822490407154,-0.011705438642820809,0.034663750215258915,-0.1127385015533946,0.03977500991823035,0.10808830067458075,0.06532278726808727,-0.01748068676897674,-0.588556490137762,0.1278216780438015,0.07653426499746274,0.006955326301977038,-0.040899685563090316,-0.19780289677055407,0.057245594971391256,-0.3465881173397065,0.06773213522137667,-0.3010629385762513,0.08186218783885124,-0.025360040654049953,0.036114234979322646,-0.013592461906227982,-0.03877649902824487,0.04494384359350079,-0.6365719815730699,-0.03952158778338344,0.14904541961550422,0.015109655651031062,-0.09559303368223482,-0.05616490347892977,-0.02554222500839387,0.08450198348464255,0.007370786421233788,-0.16723044142054277,0.006991115562414052,0.04165907016795245,-0.01908334533618472,0.0005945378870819695,-0.04130264011655527,0.017374741266394267,-0.0026675637673179153,0.05332936502600205,0.01710247042433366,-0.035363812052310095,-0.08464403010657406,0.018296966612979304,-0.024633217297377996,-0.03767928653905983,-0.0033150891431432683,0.07087125541147543,0.24351537388793076,0.047398897775565274,-0.015375644012237899,-0.05872150269988197,-0.03418780112406239,0.38063881716698234,0.06853610199686955,0.035437556289252825,0.04836796980089275,-0.00945975567901769,0.2070803178849019,0.011260489234700799,0.01600625273931655,-0.3157774510109448,0.18469704877134063,-0.04771436025657749,-0.006880716098748962,-0.03161728887971549,-0.03658380761771696,-0.0896617928779051,0.02225532957345422,-0.033806264687882503,0.0386390150160878,0.041935036355425837,-0.014096914901301716,-0.04821553287911229,-0.1131570758552698,-0.006324621708699851,-0.03324999767210102,0.04333861453960708,-0.07291737986088265,-0.054291069514874835,-0.06889928625150787,0.021016405816681072,0.048945942806312814,0.004256247452758544,-0.020118934304264258,0.04211266522179358,0.024340674352060887,-0.0404728021730989,0.0008863019902491942,0.02628957310298574,0.0556812855793396,-0.04107499381461821,-0.009045005514053628,0.05481923918341636,0.07746703952579992,0.04071633311104961,0.11966531569123617,0.09242393834574614,-0.03001149222473032,0.03573455079458654,-0.04954396964603802,0.04348833787935291,0.03276743673995952,-0.028404909216078522,0.026913679437711835,0.04836920057095995,-0.027386336922063492,0.08407867823007109,-0.05348057666560635,0.05090030862993444,-0.038240526144363685,-0.061535155846286216,0.030559040806110715,0.07064472534693778,0.014294196076662047,0.4012868954159785,0.036710441757350054,-0.039210442064359086,0.01672951886575902,0.034462321113664984,2.143212716277958,0.021627821552101523,-0.007478281877411064,0.10480837456998415,0.27806529238159783,-0.01580284148622013,-0.11863667613215512,0.03520593504435965,-0.007326267554162769,-0.00834927711821365,0.23610460904455977,0.006410302051335748,-0.009530867439252688,0.024711418634979054,-0.02943960432185122,-0.025930666608473985,0.8585234166603186,-0.011473041406134143,0.46841958841287124,-0.055934832500952325,0.03211075856233947,0.05917920680531097,-0.015965451825877608,-0.6839428805715215,0.003978176364739738,0.08611522505088942,0.03163373712959583,-0.43916063865617616,-0.025346332213302958,-0.08871225360962853,0.023353537784714717,0.04208068272464516,0.05240465382576076,0.13693821794731775,-0.0061153162678238004,0.022722050915035652,0.04779726479137025,-0.010089962058373203,0.005827612709254026,-0.822121447781683,1.1311284499242902,-0.11189766293682624,-0.047840165285379044,-0.2790154756912102,0.001682174919096724,-0.0019738915020752756,0.03598358895214915,-0.010979515515487037,-1.4081454660086479e-5,-0.056103893693943974,-0.00016020429876206776,1.0243320095078539e-8,0.0003149037107732511,7.69957104469754e-7,0.011380698641914933,-1.2004993179104417e-5,0.002167633726458007,9.139115343627033e-9,0.00020516837291140178,-3.2825713191467903e-9,8.498849469518177e-6,2.8141102247081218e-8,-0.002468676370568801,0.00027583899030325654,-0.002477021970747728,-5.186696988901396e-6,0.0004703869898037283,5.1261731877971783e-5,-0.035108397856674856,-0.04633661199113703,0.00036506502937783125,-7.248637171518302e-6,-0.13560320653868985,0.1362669136506156,-6.459530769997723e-7,-2.177204905626229e-6,-0.00027443365816104404,-0.006507186781107066,-0.012814000871571807,0.018343791845836677,0.485588511764945,-0.0009433461679293487,2.950366894229669e-8,0.025181114124279702,-4.945409025181036e-6,-4.5494080539221216e-5,-6.856755105366652e-8,-0.018347953369811876,-6.71686847013575e-5,2.268741960411661e-8,-0.027929719372878026,3.8228840756079734e-8,0.00023003796672327326,0.015617661810210848,-0.0030937926118781434,0.011213973263920707,9.077100419085937e-7,1.5408076209540156e-7,-0.0004156423442935875,-3.5288674400391074e-6,0.036987363222579006,0.0003623705779318698,2.3304657370548654e-9,-3.290533705868626e-5,0.0001094391283302798,0.016937152067839634,-8.308918694605039e-6,-3.8542361879834175e-6,-0.0003850630015058698,-0.5050286866462557,-2.424371335374431e-5,0.5497442736705125,0.0012121189709404234,0.017980380729113676,-0.3700222978295642,-0.00012490809525989022,0.32645868860367955,-0.0032618939462736307,-0.006437239513047643,-0.06975850476055712,-9.986345165524657e-7,-4.209900033802505e-6,0.00021340147283055444,-0.0009643311782383535,5.26743681537184e-7,-5.618649491778704e-7,0.21565094031393528,-0.020888224155669377,0.0012708376251566733,0.7961060626621475,-0.0275520349900944,-0.004627102064205246,2.1228556306596147e-5,-0.2710537250768539,-2.26331193356466e-6,0.029335353717215185,-0.0028856020616103706,1.7026226417415913e-5,8.995951802592828e-5,0.03467287409148412,0.0005393465322498514,-8.569691494708653e-6,-0.12476447667177126,0.19629721248929854,-0.06997159858792656,0.2568504371010931,-3.4000945114964765e-8,4.223262915770132e-8,7.84766035326085e-9,0.155742199611268,0.013881914829013908,0.0004167741199410102,-0.06065395544919738,2.5993633653159653e-6,-6.938071385409472e-6,0.00033455933056458775,8.524220533462357e-7,-0.005505179852889341,0.003518125463870092,-0.0018897393293855203,-0.05273774948091159,-1.4903882018302284e-5,-1.5359401562164976e-5,-1.0452566577730249e-7,-9.247140365375994e-7,-0.004010873964091388,0.10785698548716027,-0.00043169515788576973,-2.5694656038410812e-5,-0.001231078269711361,1.0938785762349551e-7,-8.959126732016598e-7,4.529624135545191e-8,-2.913052652520065e-5,0.049807023411631235,-5.790590280607688e-7,0.0029003383630197277,-0.0023685705632487952,0.0001287022728857501,0.08359419819316827,0.009363437251977302,3.465055254687349e-7,0.0003718425670058423,-0.13569781939440873,3.2083147438743964e-5,-2.986142486866017e-6,0.0006070309471049029,-6.777007875019558e-9,-7.943437237579315e-8,-0.0038892099291842896,0.0001827177788733536,8.737983544948591e-6,-0.02704061561053095,-0.11446173991862452,0.028208748800352623,0.00026629187738791416,-0.003044587715351099,3.703844989565164e-8,4.130107159119878e-6,-7.817478163385516e-5,7.089716377706168e-5,0.32065415600300184,-0.11883901524652174,0.008166900127889676,6.704057938788921e-7,-0.00010181321551527844,9.525375416243043e-7,8.683459858799258e-8,-2.8675064020822205e-5,-6.623555000029313e-7,1.10107996054154e-5,-0.0470433341943135,2.1337100832019562e-7,-0.0033146468107361216,0.0002615434881647616,-0.005127149188972169,1.5479300233788018e-7,0.004230618681731357,-0.0206772979854577,-0.004721802275071241,-0.0005648526953336841,2.9432045386412753e-6,-0.000311583533155968,-0.00807332640306413,1.4181159549864902e-7,-9.23345647971946e-7,-9.902809998685314e-6,-3.5007124371544407e-6,-2.4907359530979e-6,2.2024372194062725e-7,-0.0026060576717554795,-0.0007745701364747504,3.663075945629758e-9,0.2549850103303015,1.638924394184449e-7,-6.95340699397029e-6,0.03607616352564946,-0.0036840975727443492,-0.17508732530768611,0.0013061436193595455,0.0005861466933509973,4.478055209630738e-8,4.501620421315522e-6,0.0014368722388624633,-3.140567180537346e-6,-0.004542407330745846,-0.23629032689495943,0.1557195845498427,-0.07117132887651678,0.0007357701113051007,-1.5118020258997333e-6,3.097705774173995e-7,-1.7031552915821452e-8,-0.00029792922541993505,1.5810377735681058e-5,-0.0007816511152896055,6.461502000565389e-5,-0.058166877100802594,2.1441271998157152e-7,-0.12272095163461927,7.708812805873322e-7,0.0015800974398416656,1.6988181905652766e-7,-0.0038105130174130863,-4.583347514142133e-5,-0.03274651424317199,-1.3487668308609368e-6,-0.013528422186482203,-0.006731361043236461,-0.02723172577270816,6.429715673078595e-8,0.00029199187838457874,0.18472730898065493,0.07965404348215088,0.0003413715389442018,1.3931732413302762e-7,6.058016124117424e-7,-0.0009744553548074464,1.539322791410669e-5,0.00737056472689801,-1.878983904392284e-6,-0.00029174444176760517,0.18586332759878132,-0.0006084806836526013,0.00033273808318057263,-0.0031130991986003664,-0.0002170849798517338,-0.029228385152464398,-0.00037193838969784565,-0.010770312950398875,3.5683176307851894e-7,-3.1765630681412915e-9,1.6138655349884345e-6,-9.449695350305376e-5,-0.028307558017331758,8.106558075206619e-9,0.06871255448277225,-9.778664751536326e-5,0.005333411854110182,-8.608516061769933e-5,0.06830196048031212,-1.9349070163432458e-5,-0.03265680157392126,-0.0031389484575470306,-0.005779455629237873,-0.670072771346895,0.026162834335991647,5.160776536949907e-7,-0.0014998582817042916,-1.3038097542716898e-6,-0.00016709471399867226,0.058794625801965594,-0.41460616180847865,1.680929676429587e-8,5.220893529139792e-6,0.001433750875563078,-3.7602848815786183e-7,-1.885957012504047e-7,-2.855402563284315e-7,0.23556259064935148,-0.12461550602893112,0.00013102279788945737,-0.00036140033898313106,-0.08192939336004201,-5.177976094505876e-6,1.078651738469489,1.0706264361781681e-5,-8.977696100281873e-7,-5.2076879798690356e-5,0.0005421860777445886,-5.1960669187473e-9,-1.1380252651349565e-7,5.845829210981979e-8,-0.0004990601843566367,-0.0013056225535592603,0.00819087932597995,-0.00014734761990098377,-0.11695626846631058,-4.540538752717538e-5,-0.05517927613664142,3.0914777110480074e-7,-0.0011379354475593573,5.2102071549597895e-5,-0.050472383080887084,-0.2917581129586324,3.788111141350692e-6,1.3217352493196353e-8,0.0029816865892371425,5.2053738749946454e-8,2.058366557885702e-8,-0.007862010001019826,0.0005548169941675951,0.0026941585348936314,2.2479834428795753e-6,-4.9669949977015904e-5,-1.8112394748914795e-5,6.129983376912396e-5,-0.0025052459535146454,1.2112766701005521e-8,1.9464887036826223e-8,0.004288835944635139,-0.4455853476538323,1.5250425515304922e-8,1.2367457234707668e-7,1.3999821334209628e-5,5.691931427076469e-6,3.3773151316696115e-5,-0.0016675334227329586,-0.05028670869069174,0.0022741418137286473,0.023512913825470605,0.00013719717671634157,8.207718342045922e-5,-0.0008529788223086143,-2.276692649028078e-5,2.0207628951513326e-7,5.4522014167446287e-5,4.062838542040481e-6,-0.021785190766422602,-1.7204574945584028e-5,0.0018624634276491747,-0.20828128615175956,1.6786061276113928e-6,1.008979401743125e-7,3.7730290546988954e-5,-8.086845145927057e-5,3.5470315657093465e-5,8.511687219492359e-5,0.06850813454730087,2.9630006196214656e-8,-0.004746304220248021,-1.0344405218659647e-6,3.4097004136812714e-8,-0.1335370108281495,1.863448206174817e-7,1.218297474514518e-6,-0.19604682048520772,-0.001714797574095428,0.0001354477172963442,7.27105316666865e-5,0.00038009052799736764,2.6449096050470966e-7,-0.0001109212398944237,-0.16438663241751783,-0.0002771646142250006,4.8451431148427426e-8,-1.4496212747475146e-6,-9.705188154374156e-5,-7.591628136882633e-5,2.893250965751992e-7,0.00013508094263947612,3.763558157482416e-8,-0.04666526031360263,0.31882509648858104,1.6077190028829236e-5,1.157865554737153e-8,1.5714073257205863e-7,-4.266447555245634e-6,-0.001211153280507915,-1.5247470164680976e-5,0.0007123301313356478,-0.0011290154425580567,1.0446212728165705e-6,-0.019484167170276123,0.019108735143163358,-3.876272707614703e-5,-3.071005161413287e-6,-3.5569343689756394e-5,-1.5227288045593923e-5,-0.05224354845540802,0.009766414577200067,6.898992789376723e-8,0.00026618769018593724,3.4314913728225593e-8,-0.00024459563310497145,1.1384150495723222e-7,-0.0002280348496839224,-6.448675118342351e-7,-0.006238137043737879,-2.699752361945418e-7,-1.9950412202263124e-6,0.00018787523734431488,-4.5059027176108657e-7,-0.06173882062648772,0.07320304786117049,7.923259223718837e-8,0.001937855897949703,-0.020021899887069594,-0.0037608755866642696,-0.009066854026741566,-0.16490483724555816,0.0013650107528064837,4.0441086987197394e-5,-0.06103297101799399,0.0056794773527713005,-0.00546395237302022,-0.00023454904950082067,3.491293538680773e-7,9.208667587634611e-7,-0.00029051858484763216,-0.031036729575134814,0.014264993835240602
0.46014901609669323,0.06768070305861329,0.008972411436843686,0.008714578274521045,-0.09250868595700013,-0.05207692960721033,-0.0035958815867616067,-0.9128987149051682,-0.11623743553172972,-0.23400229887192836,-0.2494956417958747,-0.153074793617634,-0.2428394108546854,-0.109943319404465,-0.16716387001906696,-0.47124262952274876,0.04942320039117476,-0.04116514301949792,-0.3882674101187149,0.5376883241842734,0.06843140702039818,-0.07999997559909389,0.09479316023043793,0.0644422283271524,-0.04195831107972481,0.09418339384137653,0.10672114872340899,0.053102624799521436,0.010015006613684818,0.03915749066072749,0.12995683109693346,-0.37339491230159183,-0.050575796775774506,-0.0097744464974312,-0.2675570557839819,-0.04109331431391183,9.651957589085214e-5,-0.006466541154622973,-0.031224795577145414,-0.20619516799661142,0.14216316902457038,-0.33580483453988563,-0.0205483467252634,-0.14415385829852312,0.22827010367291223,-0.0767853524084785,0.0929862924713234,-0.7790237287063064,0.04441868106914626,-0.03934746369304776,0.1875012422879081,0.10320463778498379,-0.11964417466333543,0.28508252456413175,0.12024450323133351,-0.07396608514682157,-0.09144681649922859,0.08117054753347475,-0.035225990773597005,-0.17575246225169394,-0.04138855155247256,0.051612153971291264,-0.1289624147111681,-0.04435809577807959,0.18865580138481164,0.04050418543712908,-0.04236925612531195,0.06993844479438849,0.15153064002697647,-0.042794787674210966,-0.24474964259752596,0.3831510369609532,-0.10461529198346398,0.1955789170438038,-0.08318915479321731,-0.07909785228957844,-0.18289445937807614,0.2724330197324889,-0.27101603974551836,0.04339595998317236,0.1390014027356301,-0.18978414241246355,0.16071741527775885,-0.06070400706084911,0.05798718399637437,0.17975943223029844,-0.010904436719556543,0.0865004060069623,0.05653581349179149,-0.005389955280861614,0.05653762347174052,0.012745435705710406,-0.006734217892699235,0.03456956974696368,-1.0989841598056955,-0.11589768779231235,0.09201300714335048,0.05482915080028761,-0.248584210385161,-0.6421211248307372,-0.08729649177621468,0.07456883555096283,-0.011799122366483061,-0.06705519527895376,0.09110446934209904,0.1502096266776789,-0.055525133400806226,-0.07700760228544823,0.017832110142990132,0.0016793115783002577,-2.7873108333005803,0.07077306801875238,0.12226504023055895,0.04822416524621076,-0.22097503137956664,-0.6081211856362643,-0.0781368019652291,-0.14036999327072408,-0.22717290600212436,0.10854853860837466,-0.06652427173685282,0.19154873458319344,0.06431663924377062,-0.18221987932702177,-0.008559267088912748,-0.3372248610485258,0.0950822795748536,0.17046848977588525,0.11089710246960749,0.10301264707231894,-0.05276722335474915,-0.04005744893402152,-0.09097229328835965,0.162126078223082,-0.07698944596631918,0.11775183464123984,0.008343285729552008,-0.5693614923757195,-0.7640511296121986,0.3101846700446913,-0.10426810929379826,-0.12914503468709881,0.0041219047125196084,-0.3184931463447356,-0.03335125490048085,0.02153081482720154,-1.5062188877091103,0.3432416908653977,-0.21654165332347475,0.02775709117486258,-0.08168061805918114,0.1370952045544982,0.017428582317734254,-0.7788129301698064,-0.06561149289518653,0.07991222968121292,0.17264015523505805,0.05020461136518861,-0.015433563236001646,0.09379645235844691,0.06563295836349425,0.035812808350556224,0.015139338463995955,-0.023569245411636075,-0.1369656838469382,-0.20727373135378002,0.09785820553042868,-0.7993245224624843,0.018889139415477985,0.09207571074102816,0.0962049861345804,-0.059101375679176726,0.02232606602717624,0.04001881823023723,-0.052336037387249235,0.028128249277870054,-0.42312338655028725,0.06800432548971003,-0.020173272700048983,0.19975869013069314,-0.10936267064062122,-0.0015649099259462673,-0.5877334684410016,-0.13507978333473147,-0.03506572816695552,-0.028779815322195645,-0.08489988800420178,-0.0800591888537383,0.08710071448149392,-0.13407902284052398,0.025418072127649793,0.029432971199184976,0.02556778544339977,-0.05730262315682921,-0.30262071601100615,0.02810200127260032,0.14301547048671637,-0.01622033580133575,-0.11231492062199777,0.03879032019631268,0.010513772736885585,-0.07055213814601302,0.0813045677973605,0.20299005925335223,0.04095804616008536,-0.45248373397407704,-0.3153370397931212,0.048458786898663675,0.01690961814347247,0.17143904422482592,-1.131909919429745,-0.005301863661770767,0.059365277496908675,-0.17554395477418439,0.01594748922616418,-0.12323682902569999,-0.00958043366858874,-0.05710798475638512,-0.055606629537578556,-0.7513836341440765,0.3704955440443882,-0.08058807954148506,-0.312835153661581,0.01331557823368712,-0.1486538545478311,-0.15981813254984445,-0.2686818431775464,0.1001941596477991,0.02859618900447458,-1.294960023060412,0.13605365556213656,-0.01640892934619842,-0.20789138629334047,-0.1155828185073915,0.17858114224145538,0.0774060389449005,-0.12798042621443528,0.30404086169801303,0.5077863096075816,0.03353088292715256,0.3177305604694993,0.04391379748631152,-0.5678471676656045,0.4547601048238903,-0.10241394532386039,-0.02609872782477396,-0.20635253928776365,-0.03794061745611543,-0.06056073099534842,-0.06426262589957332,0.190785836575742,-0.03293509827926755,-0.0897527303231982,-0.02303970334105543,-0.03640600078870193,0.3000438006602053,0.08829047040489968,-0.15239131126872962,0.04481469819620543,-0.27733345916658436,-0.18453456268071022,0.05362336183316074,-0.07313980207254644,-0.1007064084378726,0.03723136373810121,-0.014686972957861144,-0.008352787379408255,0.2713725809371681,-0.12356593913500546,-0.0080553451225569,-0.22057555443188903,0.16085714167820697,-0.0433784528850083,-0.09169215244764928,-0.038574680183955934,-0.2342870916982065,-0.049045101637602784,0.021406540885436698,-0.018512230791202455,-0.03036529923406306,0.05410795356237941,-0.08081669135935954,0.16070310211216565,0.0035046328321186593,0.00040617126069264486,-0.05953926477741334,0.06032679289637599,0.12491112730276654,-0.07899206266452552,-0.29578631965705426,-0.6622103284807963,-0.006290703397553443,-0.0318781761397986,0.05390524389440543,-0.08093842525636319,-0.032685828031389974,-0.019420724507654086,-0.10439907264481008,0.038745340239984216,0.07061534436252259,0.11718691736496112,-0.04269756410212722,0.05271067312037303,-0.0016603154472250026,-0.003380439043212391,-2.589900624319853,0.046710224782145815,0.2188615227205446,0.056583994923585124,0.025637933857069584,0.04639799121559918,-0.024587425998447543,-0.3573998708016006,-0.9361986346593767,0.03497666821431267,0.03469798816513503,0.05918086268957268,0.004351238241724786,0.14925334623694653,-0.042412949034769554,0.010907645307725033,0.12798090266687723,0.23716332660387707,-0.013836504238497582,-0.0976968698505516,-0.003614380857470678,-0.006628634089793195,-0.29806895146975876,-0.21973043977413909,-0.14658928740982446,-0.13983265530623612,0.1464941064850791,0.3021311865632015,-0.02428647517808713,0.273906839918709,0.04040690257181723,-1.0438567442906788,0.13476130188428215,0.03640032996770515,0.04265446666158823,-0.17354921706100868,-0.335282418944189,-0.0028527127301458677,-0.002694314822292654,0.09217993612583086,-0.023955705437856523,-0.20670521696592914,0.16535104290596792,0.018303081243175257,0.18034594454820763,0.030933033991459524,0.0007034080226731021,0.016346530897862976,0.07224655651589273,0.17800761599664838,0.027267393558759068,-0.5075082503899466,0.031185841440674267,0.041005310271089,-0.09196069416975661,-0.05688507813420074,-0.013102986314606824,0.06262250747386133,-0.010477626111423888,-0.05057709605171112,-0.18172941578347945,-0.9545074600609951,0.05054184997061384,-0.05257217142388981,0.011005567558640905,-0.06562541881248762,-0.7546585900681748,-0.150219553084753,-0.11890389673226309,-0.010114866187450389,0.018337635272473563,-0.21729007520025334,-0.067129119328456,-0.1471170193646003,0.12958571821945952,0.029207650130047114,-0.11843898368351802,-0.0351226688362658,-0.16697933061186632,-0.22701670342576108,0.003865418502527973,-0.04735578463623824,0.18408619437286688,-0.06161866621869194,0.03484709060649038,0.06954699156267452,-0.2889919439548976,0.11800890612903459,-0.21237427037613088,-0.08200021836091764,0.13217276827253954,-0.01878248532739235,0.006505740515422076,-0.05851077271199756,0.08511829915278213,-0.34174380563763407,-0.028323190303126466,0.16160572227090597,0.20727670441192458,-0.22066830283984018,-0.10227672303835789,0.1153462025722547,-0.09225244779372588,0.004466679634788306,-0.018213558472780278,-0.27623176302085994,-0.06962629132249276,-0.052394007514521945,1.0812129046580594,-0.05427477198009001,-0.07676908359979961,-0.15703072657743178,0.0009510325780865969,-0.012633066771741142,0.08152266690012766,0.0708920408396807,-0.08173085243834066,-0.031060127414548333,0.09627950079448055,0.23246370418200968,-0.011032485381292645,0.09013840012084984,0.16994527753013244,-0.031084553211258026,-0.16846123710342908,-0.16935539711391812,-0.09201474256042275,0.048041023565019714,0.11155760365727474,-0.2074590503307263,-0.6041925131794414,0.09083800416919985,-0.34070725701030824,-0.03908709151801304,0.00830996930881156,-0.1717762078551459,0.004581675646477379,-0.010806112399222911,-0.1557956577380537,0.15112752702680154,0.07321091350786446,0.29068309820422655,0.058342487920526764,0.18843806884615333,0.032709991954106954,-0.005136387519087293,0.01383092046398815,-0.15379447702252946,0.18087893209008143,0.14179723902634578,0.021172509099415038,0.023718368849586113,-0.026647379777841707,-0.019606581387051847,0.03217709556884074,-0.05978837816201121,-0.14647065738245146,-0.10107440523938749,0.07541035765825654,0.00530114376306301,0.020039578957948834,0.017222830048467586,-0.009816671052249148,-0.02626879880335764,-0.03667669741184909,0.3469668072393688,0.058887002462142846,-0.024092987040603475,0.09133833097621391,-0.06754880699736532,-0.11442401632666588,-0.07978910128895222,0.03227212285491987,0.3193649614968308,-0.17804672455258697,-0.23614677199657308,-0.17619952714039755,-0.08020814943665755,0.23100569867165177,0.11381616509152082,-0.154819643746805,0.0581999539899698,0.05428492595456191,-0.15735591541306349,-0.03768646773232831,-0.10387776321204001,-0.20103387661947636,-0.31693973961682786,0.030574761028219655,-0.1886549587616173,-0.03994523675100936,-0.06598881800005074,-0.0007440042963935412,0.08123572921866185,-0.16482263581565348,-0.5272296500261291,0.23213326106565546,-0.07270211685499817,-0.07375231685000472,0.021655178436049027,-0.018178242888097884,0.039794563792384,-0.1421528390237654,-0.02076469553685456,-0.10214014509165281,0.13825047341015306,0.0016396328794598958,0.28024040542004514,0.1765827335539143,0.12923448545006977,-0.13653794237689,-0.022331447816213768,-0.18230344563198742,-0.10402795482059446,0.10157000906474423,0.0630443633926916,0.15684102581292336,0.18015632937749615,-0.034490675820052275,0.11345997165472,0.018670124326490622,-0.15725042388112342,0.1127550677738327,0.1959452447572403,0.10201712109983418,0.1974736901538563,0.015323784355132375,0.009669975126598729,-0.005241748546268354,0.06649777105258181,-0.011903877988515887,-0.2610173492830654,0.1335188906887197,0.10006033821446181,-0.14215409677490243,0.13668951235194982,0.1346953792281056,0.2533323214156553,-0.0033779551849875133,0.012744654551170242,0.04727860678394791,0.06825957516412018,-0.28054588562372373,-0.11985811235535948,0.10145092018410651,-0.02039702740148641,-0.1582735107440385,0.1388229970507382,-0.032159425212739734,0.14371803006724804,-0.056659002584638074,-0.5466088016546564,-0.030979822240624344,0.2522856393516122,-0.16133279810856038,0.17227021778535345,0.09328072456082737,0.017340602965305152,-0.025438964926934204,-0.06355309329137526,0.19150616796378017,0.17038705112281605,-0.10186623234039871,0.14328180199117924,-0.2965376029605977,0.05418246524823189,-0.01713598888454726,0.15987649859289377,-0.15092818795710627,0.04812577290567788,0.01912238482509565,-0.1804913092219067,-0.09713428296527127,0.02375915541415452,-0.22623497115341706,0.06675467788136302,-0.1005666586524967,-0.017792311738958233,0.32759929829262546,-0.08215016624762939,-0.09160669167977176,0.1532445280099637,-0.12339986111055623,0.011244857847486855,0.2151319593504013,0.09156286506822653,-0.021164330562896794,-0.24534862390828494,-0.10463909749341838,0.026119543452296057,0.006695999261864927,0.019465463126834948,-0.04834227294304583,-0.17128989760385593,-0.018127975534298457,0.17462989447631116,0.27054880370997125,-0.02386968239898124,0.3554034771841543,-0.058073783469808404,-0.3381424033955227,0.03898259167044671,-0.004818919940589694,0.023708443822215486,0.06319071366988283,-0.09729008739668643,-0.022871725357617834,0.20448259897602838,-0.04932238056244387,0.08233538046221156,-0.0076290636861813255,-0.45772444061367423,-0.0950730278445917,0.10696396611638193,0.4745189948225743,-0.058176611113594845,-0.0228410149247793,-0.2479314493473339,-0.16057323025142978,0.01650334516307339,-0.0682024004017876,-0.24332104996028647,-0.002997878223141015,-0.17644201373923352,-0.00018550796448835172,-0.1985821994503567,-0.08866769093219773,0.053104388388589996,0.14958681257485296,-0.027010130219423445,-0.08885201471269966,-0.07894399067481572,0.04713800556419301,0.012105566194804851,0.03666804466593021,0.10288506783217599,0.06536258544474549,0.2729340703517664,0.05499881200375967,0.07037438018278408,0.05883097834066575,0.06580823762152477,0.06874139818683034,0.1475190657802159,-0.023009972168438253,0.18318647631531348,0.16405905927331332,0.2149277249491206,-0.0321904145703229,0.07474418073252309,0.29849926495467116,0.34957439679055824,0.001082784390746383,0.08003974339226261,0.09070333988893253,0.19014794478243857,0.17961177390179728,0.12095141036934365,-0.11617950696927437,0.017251124994800193,0.15603835815454659,-0.22833772716330714,-0.03864277018692519,-0.11147859750872158,0.06905320696023409,0.042543063565517514,0.2067535243331804,-0.2555634238087805,-0.17508142894257617,-0.2086910958387307,-0.05861305237704073,-0.11691670875734417,-0.11116566749115009,-0.01344103472547431,-0.023873377841027832,0.17956122440227773,0.2661214475010638,-0.040284626906213816,0.019594708230215474,0.004111895730602555,0.13551467496063196,0.06810408172896132,0.08313502484202218,0.02320450013212394,-0.03139818160161667,0.28650401240884094,-0.046225797497754684,0.14471780786880117,0.20192385790141998,0.20419682079955237,0.014468899880739627,0.23583390245585178,0.04028866501630546,-0.3697910855808004,-0.18126565046259202,0.28657465032119944,0.09362187873193761,-0.040564773008554766,-0.07136691988671373,-0.18048646153511072,-0.15213383389345836,-0.13925097632636607,-0.13027071221949882,-0.05314984404685674,-0.30367396973088034,0.17838173821473902,-0.2869599047153315,0.08882495658235712,0.30717651379200106,-0.3030242117602029,-0.06034959892895131,-0.19988448490221344,-0.0882124956115149,-0.1613139362716538,0.026211534986941842,-0.17358735819652793,-0.18401789954759806,-0.004104863368411316,-0.06492133770916553,-0.1270631441675505,-0.07302458703998127,0.559500293684323,0.0958473023310944,-0.10051409263360256,0.04236306456255079,0.060306214796582935,0.07430799821668188,-0.16763892974995542,0.2886785866558057,-0.06039550373679958,0.07788310559408274,0.0024170296419470105,-0.1342275019032968,0.009534787450320437,0.0065801686851045815,0.03351341514280648,0.07412730988835392,0.033110918373495224,-0.10851761676644855,0.16150688708512462,-0.1967387756012613,0.2479903238163388,0.24702245129810763,-0.010459342476679012,0.05666958731308114,0.038061774336711096,0.020163778495771112,0.05246962314595294,-0.10105560404917924,0.04927612051021413,0.12423405795379949,-0.14601252556894906,-0.1525224997476471,0.06117536447618477,0.0931224831565487,-0.056073634175845655,-0.12117223712994019,0.17415432422058075,0.15322278597545846,-0.18229763920680853,-0.20266884719421796,0.11939863809311646,-0.6086876477929763,-0.09125521317400853,0.2600082055469102,0.009025933975408407,-0.02597497155511519,0.07677219113838873,-0.11720369670365471,0.07711711858240733,-0.0009353465999879518,-0.11070156995629077,0.054917854289669776,0.014775458127587626,0.04502120643883245,0.00882015591741947,0.11186825322874938,-0.045746681727905525,0.06891773788447608,0.053587174991207576,0.10209449663670966,0.1600438768400636,-0.0795423120016494,0.6840760425839107,-0.08338633682433283,-0.08819439126344264,0.129075994638697,0.47526633121742634,0.21247010317438253,0.13971842757291597,0.0433624355214306,0.033088901095794654,0.019244520640164353,-0.011876880871568574,0.2157168318863114,0.00998371747255078,-0.09449427341223782,-0.040909552881203126,0.17620375971864632,-0.16433315076756116,0.0787628735834005,-0.06797459422523389,0.15625761883040923,-0.13576280375582428,0.09945520512155781,-0.23095035817550524,0.16869546892303333,0.032239198298157135,-0.170692540000573,0.0644052664965784,-0.1058883365294605,0.19451970725640422,-0.10695005898196541,-0.26469383347034636,-0.2430292319891123,-0.21627083294060867,-0.4188028933494934,0.04550752403883962,-0.06248335097916424,0.04743790151042049,0.23220890950688045,0.18995182689650392,-0.006491820102382917,0.1274249780781247,0.04021124443534063,-0.14506291734869592,0.1791558753593563,0.005276708053997936,-0.005417109368181627,0.028425937009160407,0.0002668272813934891,2.9227052680269594e-6,-0.1978078082029242,0.0004699050645626812,-1.775336608278444e-8,0.0006613765078355982,1.72450100532906e-7,-0.014427899372094544,1.929859307914228e-5,0.002688703625949529,-2.157653835113682e-8,-0.00020535000633969958,-3.863316013884982e-9,8.441343771092846e-6,-2.549789308060879e-7,0.0007103491242332893,-0.0002448878189795778,-0.002232729112620291,8.946921213226489e-6,2.366343115767222e-5,2.2449292565340784e-5,0.025827772016782546,-0.02024332369910553,-0.00010535505509778886,1.548057221079091e-6,-0.010774790093364572,-0.26113517227349803,3.185856387588615e-7,7.639706137485547e-6,0.00022466224561412673,-0.01739867470405443,-7.032467374301632e-5,-2.2754069802031154,0.6998750973143615,-0.0004599977277166545,-1.0060324250743546e-8,-0.07510172358297496,2.11814629484941e-5,0.00010384034895594141,1.5352376027677472e-6,-0.358476339300978,9.965755261021059e-5,-7.730481639371678e-8,-0.0094690272162552,-3.297840869137536e-8,-0.0001541713029382663,0.07680063190855435,0.002411978287511829,-0.002314379337349237,2.2892212944713997e-7,3.01329321009125e-8,0.0002534525410453625,9.73806584236847e-6,-0.3380111010046676,5.997993213213704e-5,-6.463049960908629e-7,8.230068032410998e-5,7.372221690715719e-5,0.1829050966334762,1.4330811092033713e-5,2.8609719473493556e-6,-0.00013370050672278921,-0.21059360550134443,6.453551935337032e-5,-1.0728350490680896,0.0005450053506024233,0.0009898189214254671,-2.8483859008265426,0.0001791854066226506,0.16024342221862753,0.04303055422315083,0.0036150535113392834,-0.019454474955637124,1.539877039102855e-6,9.85991739566039e-6,9.664625504512969e-5,0.0009471194220651569,-8.023979208848786e-7,3.3719926637587605e-6,0.27184914398822,-0.008088022134870698,0.0002718096754392718,-1.2052016072848346,-0.013821511047353852,-0.018240689456433756,0.0037677014872770087,-0.047859093951046816,4.142629763559391e-6,0.0012422969748513424,0.002077625282254303,9.195524696359314e-6,5.5533986373035304e-5,0.30736510967835784,5.2455885906965705e-5,1.4587317000547273e-5,0.10478563316428335,-0.07267067840439267,0.04723167268457473,0.002450961823342368,2.833247998781929e-7,4.5772505216645776e-7,-1.9182988020977065e-8,0.3396084740961669,-0.04681582303237519,0.0006070684383843172,0.024110139656841056,7.095347676067121e-7,9.303869877186344e-6,0.00023533108694095972,-3.192121987849461e-7,-0.0005924446131615468,0.01574457656033701,0.0016289562827260795,0.010581776648905361,0.00012933474053511418,5.975842160665934e-6,-6.475492903001978e-7,6.387374191230144e-7,-0.000782899872319831,-0.1722850762453163,0.0023258797299376965,7.303453784146541e-5,-0.004377270471877637,-3.066535253573588e-7,1.6986938730090273e-6,-1.2126012486138316e-7,1.7515895603281706e-5,-0.17407444544369355,6.049482769610037e-6,-0.00027054591998876276,-0.00014628819712925178,4.429652954840435e-5,-0.24153205203947437,0.02342921320177993,-9.720440900806704e-8,0.0011968918140610185,-1.2859381119196769,1.0699119897594755e-5,7.239143324788699e-7,0.00038102262105610407,-6.949636329606212e-8,-3.807003108730056e-7,-0.032355882236515754,4.2226182962679104e-5,-5.47658696214981e-6,0.011970348428803845,0.21483479617745616,0.06949091504066018,-0.0017534664160763214,0.004742757019243982,-1.1139877607868609e-7,-1.4091133999638572e-6,-2.1549081466787356e-5,-0.0028620911706696006,-1.769851707154885,-0.04510109656439454,0.021480477099430573,3.594303805254384e-6,0.00035471583313295696,-2.204160433394442e-6,-6.965230687078217e-7,3.003824017078216e-5,6.398049028355501e-6,-5.226975029426484e-5,0.14500509974550368,5.127017531358913e-8,0.0009751544471328089,7.503036956535425e-5,0.027020429266485735,-7.699078208300847e-9,0.0049442770850873785,-0.05406666933140514,0.0010832637499333941,0.0026735913921811516,-1.05779329084843e-6,6.240184262651383e-6,-0.005761365929402018,-1.6654245471592333e-7,1.0041296211182882e-7,4.142611328905588e-5,6.361591138315248e-7,7.660396099118394e-6,-6.678196101117528e-7,0.006273145297427618,0.0007371447736090886,-5.586550958815162e-9,-0.5326591765187914,7.54874038694231e-8,3.5816780399322568e-6,0.08078544917407271,0.00011198765912467934,-0.7018701681809034,0.00010046583028611167,5.1238174014756055e-6,-1.798726990340227e-7,-2.526538683600421e-6,0.00024652643428169085,1.3931401511069197e-5,-0.0011177031632314538,-0.10422349815235066,0.5212575809637201,-0.2089547577270423,0.00377980963577329,6.2413726450438745e-6,1.4653234325923137e-7,-5.33380908884773e-9,-0.00010460559720115725,4.77018610656188e-6,0.0008313946997873245,8.490277298456306e-5,0.022366687955582165,-3.0227787380099347e-7,0.10343640920473263,6.297273062449982e-6,3.872251176062491e-5,6.108245900193765e-7,-0.0012145498034215052,-5.408879787260901e-5,0.11548106532154634,2.3601407828088838e-7,-0.007329982303190263,-0.0001712182640858373,0.0018410704096822883,-1.5320915484895448e-7,0.002237181869190863,0.5304224765204708,-0.6905865833214193,0.0002093168074495111,-5.166663278460826e-8,-2.8189527925825963e-7,0.0011506069606070923,3.958167319595418e-5,0.008612941204319213,1.0530862022406495e-6,0.029618828922366447,-1.8136537044192664,0.0007386931186488255,0.00024662696227650827,-0.0014595193409832063,0.0007457377311084201,-0.011268908899182861,0.0003316698008006824,0.0007353300138674967,-3.4962840039787224e-7,-7.014786321084265e-8,1.1834713582459244e-6,5.447904964483996e-6,0.010054253390080703,-1.3285309788044208e-8,-0.06991599556749861,0.00032766974590714426,0.00019267984106363656,5.309675480624776e-5,0.15052321524581203,3.3485522092036035e-5,-0.015599782526805939,0.0045181535837173215,0.0003228978659990389,-0.5069119468389545,-0.2568851719479426,-2.700737349592419e-7,0.0026883484920290357,1.1646343058835384e-6,2.1349003077375528e-5,0.1845719253178686,0.5845589119356873,-1.3448630915499638e-9,2.3580154870916914e-6,5.849363049037493e-6,3.1967528660303834e-7,1.0165050179505863e-6,2.1599125123172858e-6,-0.1274966838391265,-0.01647192909149453,-3.945664724369635e-5,-0.00014431704052242367,0.11767868921378977,-1.535949997966135e-6,-3.026316186587792,3.5560759306108025e-6,2.1895880347178043e-6,6.908958852491764e-5,0.0002688991836308219,-2.272581901179363e-8,4.485446753632605e-6,-1.9199618775042615e-7,-0.00020732414682811395,-0.0004109264915257427,-0.00942083813959016,-0.00023080384648999086,-0.19557569854077883,7.277420307616467e-5,0.032919162217694975,-4.7485198562124964e-7,0.005924055835407671,-1.75927910799345e-5,-0.06639686293783598,-0.09237549678073265,6.548407188722294e-7,-1.9164164082909052e-8,-0.00224596397626442,-4.099975088184271e-7,-3.196939714344982e-8,2.855312527572096e-5,0.000526603159173078,2.21823641481933e-5,6.145817934566367e-7,0.00013144800644937504,5.8234957860392456e-6,-7.773291353174727e-5,0.0020712782264808993,-1.1718474799034262e-8,-6.561887334888272e-8,-0.001667202110411381,-2.2562249661423266,-4.9902703040151375e-8,-3.8897973416579523e-7,1.6898661472808385e-5,7.669973846269329e-6,-3.4404999384562984e-5,0.004372986839371151,0.03417082069427124,0.001340786388198012,0.10795841320214095,-4.9292550009738534e-5,-0.0001933218846765783,-0.0006602655225833587,-8.60175992656309e-6,-1.7701910798306741e-7,0.00011774091682781318,-6.507469301197943e-5,0.00981363386290468,5.843367248736797e-6,0.0008639759181363615,0.2379509482634603,-3.4072299222032143e-6,-4.7705328125313695e-9,5.0871124892992725e-5,4.038834196151697e-5,-2.1608138288442547e-5,-9.289394120770567e-5,-0.12251501322316471,-3.241415199098374e-8,0.00991914458154497,9.709938681989883e-7,-3.355561943377272e-7,-0.9608202819654252,1.219456068457525e-6,-3.882844961111687e-6,-0.10414379712892696,-0.7394039612991037,2.6445386360762768e-5,3.600419977445313e-5,-6.602426051927068e-5,-1.5078343693075702e-7,0.0005730870993261306,-0.04610224808311614,0.0005794393768780992,-1.1139860016037839e-7,8.678007132889576e-7,-7.325965469817675e-6,1.1526818781248949e-5,-1.490487068489532e-8,9.750223270188485e-5,-1.8267674428348868e-7,-0.027105569461127743,-0.5645232054230291,-1.647088645029271e-6,-3.028485212521609e-8,-1.359855086174866e-7,1.2710866373222274e-5,0.0002941624726418013,8.473733567093689e-5,-0.0001483383172029562,0.004649789958250494,-3.0722004540351122e-6,0.03036388019268088,-0.02065832841617521,-2.18847224466856e-5,1.1572005000903829e-6,-5.427127103274643e-7,-6.263001160711212e-5,-0.020885528119833907,0.0041359162980683095,-1.1583982839624696e-7,-1.7429067401764087e-5,-6.73224946467349e-8,0.0003257779350747114,-7.407610900372896e-8,0.006605809763641446,4.366208664952076e-6,-0.0010718574321799679,8.377156772987338e-7,-5.0209508327014873e-5,-0.00011248545818887123,-9.555220472856618e-6,0.04056382670023595,-0.707883795388625,-9.71671333838131e-7,-0.0029294870744251966,-0.14463897269160952,0.021207197481544426,-0.009120454086314567,-0.5793547971843509,-0.006016802941303467,9.776983346476698e-6,-0.05205268704412447,0.026514630905694503,-0.004049328802125274,0.0002669596336062341,-5.102082020758125e-8,-9.589119974173776e-7,0.0008222342010242301,-0.0738337607763242,-0.08237829780409811
