-0.0017804627468649414,-0.0016657358632983232,-0.0017632756125749438,0.002580423000836163,0.0004596027538354974,-0.007126613708123841,0.002189057546274853,0.0019476320812827908,-0.012988797193202117,-0.0021395520443547866,-0.01601464557370491,0.007097302568581654,-0.014394175847087354,-0.04639870029222948,-0.0009511419675618527,-0.0045312564143387135,0.007411637410541516,-0.007099509868567111,-0.0010857059660338564,-0.009107946017138602,0.0007056719596221228,-0.021112646964070336,0.0008722424245206639,-0.001695248222858936,0.0007640185328909865,-0.007397684445095365,-0.10822817106372895,0.0020362883478810545,-0.103528580311945,-0.00014803154112996708,-0.004572686624669586,0.006412864326534873,0.000787662916991394,0.0410410791682807,0.004862517340370687,-0.0013214294376666658,0.00433393213643285,0.0012196823881822638,-0.002110747203914798,0.008947949781941134,0.01115940535567006,0.003867745886964258,-0.004448557069281378,-0.007017286307018367,-0.004553580135507218,-3.675725065477309e-5,-0.0045555465685538366,0.01860650241735584,0.0008296001216194782,-0.00136878658167916,0.002560715659114976,-0.004989281049347483,-0.00626336504228675,-0.006579240540304454,-0.007872317958799613,0.00379316743601521,-0.0038676066672849174,0.0011412466983529157,-0.008558383380659507,0.0038162484670465346,-0.006084555378720324,-0.00606732145524802,0.0006533037346798665,0.005361495265788108,-0.00833969724499184,0.007410024616547162,-0.003590968755815993,-0.10051245035424472,-0.06299405639219913,-0.0531401975067638,-0.001000044003376388,-0.008356905870869014,0.005160081410394923,-0.002288820720423246,-0.15538202930974876,-0.055546583092564106,0.0005102835330603739,0.16281455586556604,-0.012016961073641141,8.863191578711849e-5,-0.005037282751800376,-0.002926634543655382,-0.006033685304828396,0.002096399361789736,-0.010565144206339028,0.03195916975118962,-0.006729644675942836,-0.0042065516845468665,-0.0451715808701465,-0.026314921271364256,0.019552936739728466,-0.25300496323916377,-0.00667067624522133,0.0012904618070024299,0.004115138765655502,0.001420689966835198,-0.004224430521844624,0.0011241633801546413,-0.027697220368736453,0.0001290506493205612,-0.01427639926350821,-0.10055674905606793,-0.0030399596180359367,-0.02035361124217161,-0.0015488602221012115,0.006633587110627559,0.15197254340000654,0.000643811354166246,0.06278731029260598,-0.0011299455181870144,0.08055053532240208,0.004534838541076169,0.004158175091561134,0.030360702434791165,-0.00625540306646144,-0.0004800431511853276,0.00685292561956885,0.00651321832992835,0.000553389897049783,-0.0004414370923768729,0.0013539743908950186,-5.3159411436354276e-5,0.06826267935730357,-0.011617471878707875,-0.005655407626136366,0.21126461516996642,-0.004863597420808219,-0.00029211509411197767,0.0010153157177228422,-0.0026621988089345905,0.004241407081281068,0.24552953525926569,0.008164867336745374,-0.003611957518842246,-0.006221383570846228,0.0016730552538319898,-0.2569625951209673,0.0021489978489626083,0.0006400070683554304,0.007195004505774705,-0.0471679190886789,0.0006176140007028152,-0.0008748680704684375,-0.0008249413397152239,0.001261178671484231,-0.043595539340458345,-0.020114117857701785,-0.010444765101055964,-0.0001820777756620373,0.00246226463241328,-0.006323759697806963,-0.0011648199365339451,0.05271630110019032,-0.00511252646469984,-0.011875271349708783,-0.0009451524365431396,-0.041988532156665315,-0.022984214334428543,-0.004214421886445052,-0.0004966148226230871,0.009784563131688628,-0.0013045467499068764,-0.009216686977197242,-0.0036509837038920523,-0.07930250468280065,-0.0016273875789920567,-0.002304150773852598,-0.008784378330346954,-0.02213651612828471,0.0008764233753026929,1.0641268545441562e-5,-0.007643062592251226,0.002586157571840886,0.0020297659566494985,-0.012821308848060653,-0.02130338310698221,-0.006329206579721358,0.0018861585485865362,-0.0012298607716729748,-0.003959191170451959,0.004013771927930065,0.002277975861545656,0.0025068012682822882,-0.002920070273376041,-0.0033834997489066154,-0.021762073858553777,-0.0012798634754744853,0.02288745328769437,-0.009337634158328001,-0.023003191114639776,-0.0014135183955659159,-0.016325291057000868,0.01328391460020839,0.0007781276799505576,-0.005258490459709719,-0.00021482829833985306,0.17228368003816286,-0.0003567283979464264,-0.007093237775279704,-0.0016400874403643684,-0.0063100706229306525,0.006508008820674149,-0.10380112896018545,0.007204512115322359,0.003959410116976869,-0.040856881687886926,0.0035244695800429326,-0.0022124764760462767,-0.004646340795716242,0.0009755938078797044,-0.0004498048498078333,0.013961501950689126,-0.0008978016883247619,-0.000824850392746157,-0.0014863869591863477,-0.002052692193956318,0.0051413791388768,0.0018650152132977382,0.0037198630398052046,-0.09359587331096009,-0.009572523947554146,0.050927631472404755,-0.023569651484649512,0.0038495802241413912,-0.009754719443662907,-0.003044609807602683,-0.004883722521753953,0.0012614622501132544,-0.06633237703579198,0.00033934382918232586,-0.004935141333589854,-0.19223253152540565,2.1202285552135436e-5,-0.013610870100819739,-0.0028104743250878528,-0.005396015850237745,-0.0020854234617218026,0.0008017992515760852,-0.3719620304975706,-0.010427193631016962,0.004862731963839906,-0.017189189129112492,-0.004285780744794465,-5.629038241750095e-6,0.0006338849357234722,-0.005981176048180714,-0.002752162507022149,-0.34502035297316525,-0.17516363772438126,0.008614710041001672,-0.0003549721580498044,-0.010518822039557563,0.006462320457103488,0.0029369532903729123,0.0023279813894987456,0.001306509990399718,-0.01190846391392597,0.0020525905924841936,-0.00454249962058384,0.07202444309768907,0.0010929113452675665,0.0024388491438003257,-0.0021648207894031657,0.0023391102131427033,-0.0017486086344433716,0.0014893899108301412,0.004291146861760353,-0.000384121920887992,-0.03227806655559107,0.0034556461087049684,-0.11848431471298682,0.0051876787006222,-0.005617970163257269,-0.0298378651443727,0.023167866153926298,0.04135490548924281,0.000501394515595166,-0.004073352255545615,0.009219356537869317,-0.004855035796936136,-0.11858186312520047,0.0023924387633087463,0.0017242803805856965,0.008023733578738756,0.006778036244213581,0.002134246275431906,-0.004178130864602281,0.21725783517058517,0.00044881609073854634,0.011611306999839144,-0.00854098291210903,-0.0026766385863083997,0.00010879538240260445,0.005853235745234997,-0.002208544434324722,-0.005964869468243705,-0.08482595203463461,-0.0784690941682129,-0.006599870604077296,0.00013592909181170398,0.0005972163176011236,0.002210872584328172,0.10743723254586257,-0.0010926570430456195,0.0021609228244869882,0.010412561993916825,-0.0012739207363665628,-0.006208412928344842,-0.008089064548585156,0.003783524039135955,-0.011942975264901179,-0.004088086725460016,0.0006843717019364703,0.0009300241258642927,0.08390345170664659,-0.0056676764640997135,0.001342203155218158,-0.00040467750068273745,-0.0014542103247094929,-0.0005177332459425088,-0.0015470767380065809,-0.0068356654373928905,0.028995251168026925,0.0015849196252020192,-0.0008380588799354882,-0.00010797395316330949,0.0031785736451865887,-0.0801564988496466,0.0010757524823929998,-0.02220889890759281,0.0011028660846932326,-0.001603927502856095,0.0001864473488240037,-0.0030230962393034133,-0.00021090408017698792,-0.001130841445160513,-0.01877840276938514,0.02420322483287407,-0.07619874301872187,-0.0015353581511590164,0.04922486329314779,0.00882659144099307,0.008417964750151441,-0.008194932248443365,0.02154674106714083,-0.003991735120962403,-0.00047592029704901506,0.0039290195500143454,-0.0009066712600542814,0.0018816825436260842,0.00038755432979087345,-0.2668256878378088,0.0060910255278940895,0.0023084219908469095,-0.17740779265477613,0.00031933488071445026,0.11159075008481523,-0.001999813898237335,-0.0011023079700862581,-0.12708790771739586,0.01899345148285647,-0.0036094299857722945,0.005347970332195473,-0.001370955125821638,-0.004674188200453955,0.006487681760518171,0.0037219577629912237,-0.004832788485600759,-0.00471405289795257,-0.04170879997218435,0.0034657474607229233,-0.0082342914452056,0.008045509813200624,0.0041706443130351545,-0.0024446883430755406,-0.0003795503234869102,-0.01065092761109554,-0.012693463477262412,0.012265664452115743,-0.0008512069489370333,-0.008238523589170654,-0.01657021992582486,0.0010204081050915192,0.08010635215350703,0.00465336376828418,0.04792575283045153,-0.0009901981909479218,-0.01084064247106653,0.005243194617378322,-0.00011206842282263096,0.015613153052981943,0.010854673715584795,-0.0011447204710748338,-0.0005153083430400329,0.004956998122906953,0.0007294084485351959,0.0035531459975572943,0.06488804408968463,0.023743795653217603,-0.009528027054784616,-0.002725832686337526,-0.0003000749825332605,-0.05296169057055522,0.003168625869079733,-0.0026174824515692308,0.0016995721671264619,-0.0006272044010984246,-0.008019740881536563,0.004851160501857521,0.006001242270031071,0.001622072042380296,0.008517034376154697,-0.0027832989372882366,0.02382812595442374,0.003505096178741951,-0.003503125273709884,0.0020711140687126317,-0.018320855700949323,0.08569113629027925,0.028539148846220996,-0.003602002692332462,-0.0037132736051717075,-0.01169839657995908,0.019303114043395908,0.012644757242924243,-0.0029497569776140153,-0.0010924948455794947,0.01640067517814714,0.0012452500808421973,-0.1493348191243058,-0.0025919103941305366,-0.0035222595897721476,0.000138436492306937,0.003633410557085881,-0.00533773498821688,-0.006769890283976565,0.00300041459786371,-0.001972759497220977,-0.006499755056211143,-0.0066764444827640546,0.0004279004356249061,-0.001754873494974163,-0.018734104382019723,0.02031840872768953,-0.008317739460835583,0.0011392705455364194,0.0031021892455100897,0.004018374418819803,0.0004281937872292474,0.004916928271086363,0.0012204785130052187,-0.0004022728840027412,-0.015891287687281874,0.3780957091366872,0.011252415717535769,-0.019324838060128968,-0.01283095644430432,0.012466330843835749,0.12008830293780193,-0.005884995894120948,-0.0009681048468337394,-0.24456266807646898,0.03137862542280345,-0.0039534532552352175,0.00790485484594683,-0.00024825836862873985,-0.0012609176601472427,-0.0011658861537853227,-0.002467642159672323,0.0008419705862934279,-0.019034642680708203,-0.006132989078651008,0.013221428973338334,-0.04290059441734684,-0.004512884048835986,-0.062789664736556,0.01163764315424487,0.001486069996644801,-0.00017294304507231573,-0.002041729025222594,-0.001598728519411452,-0.006211823436387931,-0.003265617730903614,0.0005128168395458488,0.0014662827882148122,-0.0006733702593919588,-0.0011006733807334967,0.014170498991006752,-0.010709624327319034,-0.009016075911262078,-0.0013612101911348873,0.0058343495950339275,0.0007604611532769923,0.005074916930425388,0.011074732201450388,-0.00868021502128613,-0.00022129795479486347,0.0012851202228034708,0.001481320736274938,-0.005989160913259184,0.00021846776326128747,0.005714595125482447,0.0034679670870900736,0.015004887199665973,0.13703038362518782,-0.004158431735504564,-0.148963953843122,-0.0010353752692253693,-0.00463257722049093,0.002217932366875175,-0.009779069620890368,0.006840642856332124,0.004119776614857074,-0.003704898204887286,-0.0019293158893560758,-0.000379017309342089,0.004010573125924566,-0.007529343136866373,-0.018499711863739776,-0.01662570629196125,-0.044329106386157946,0.0024963394331365407,-0.0013887218647141708,0.006079302628677397,-0.007565910012772292,0.001401411839424327,-0.0047237678307965325,-0.004530538667495421,-0.028059916675715613,1.8905975593952462e-5,0.017681857657407818,-0.004996417329266478,0.009909653916110983,0.17361324926878297,-0.003591927344928081,0.000515277085469279,-0.0012993964621728082,0.0006039217039415234,-0.0021397269197223068,-0.003083267549300217,0.02621774715862557,0.024027228922705035,-0.03904672060298253,0.009451277569269223,0.001074008090654388,0.006676247572613647,-0.027702148756361566,0.001555734173507517,0.016203691502141737,0.001758379790771869,-0.0016315930524797295,-0.007445990187989082,0.0010441052860414857,0.0017249221018573735,0.005222469203090441,-0.10783124630279417,-0.0030014267404112616,-0.009164869389678643,0.03314797689017723,-0.0010242860353173455,0.0017859183775499332,0.00022225021143640333,-0.004756833070814537,-0.002274958412272099,-0.0680102589813032,0.07460494653787464,0.0010915896817618176,-0.0022053707507438958,-0.0022366346729540965,0.18822838953929022,-0.0018335700060561066,0.000245406090925826,-0.004616179169715906,-0.0033505401479487773,-0.006567434882072121,-0.020587751802111143,-0.0014142098102638556,-0.0018317666240363906,-0.02780299219466542,-0.004467953200219199,-0.0017421649581592646,0.003293725865887609,0.027560812795854872,-0.003821849895757623,0.002594251223399624,0.14657878731361507,-0.006429032771848142,-0.1809392199074864,0.06295431179842126,-0.015929501005302882,-0.006509692102554254,-0.09851572191928426,-0.004525204269157257,-0.01592867585543445,0.005988648305446986,0.005040805807766446,0.0026972860969181056,-0.001022191534502781,0.00027957885004070704,-0.0025925829340849305,0.0018262480334669817,0.0016512296429027629,-0.0020394567527546315,-0.0061111992031328555,-0.0030007944881162985,0.0017573956253045253,0.0005678855818587181,0.02269351228596861,-0.041540867939147574,-0.009058011970239477,0.006441502964662504,-0.010709821636510242,-0.0044557206272202166,0.0016298212985361715,0.00033959656866500154,0.019680962511301914,0.009330239277915098,0.03529686097112972,-0.1221889696839753,0.010857370071789774,-0.010052191903469065,0.0044648705238046205,0.00756356791316648,0.0010759404531199834,-0.006304188338617678,0.025702275954245124,-0.002948786971046502,-0.0011257703563387622,-0.012709856909168593,-0.007427273043504101,0.001542037232866278,-0.014980198118337285,0.13203080199127726,-0.005629693435025729,0.12495438341693443,-0.0013376312820128078,0.0009941510297721834,-0.010865233885851922,0.007481584439119615,0.008786273344810525,-0.0023030927741274354,0.00540430694763927,-0.010286534600709274,0.019655057093586947,-0.0013507097037290805,0.12638510284159565,-0.13615044445782587,0.04252350360729906,0.007520745283727592,0.018664665631149546,0.005552566879487131,0.004965512902344926,-0.0001736348820031708,-0.24551056537325167,-0.0034916342370365783,0.0006001131428092776,-0.00010714449990700814,0.0015810825307198684,-0.0066486350469858735,-2.976015366584761e-5,0.0011275167034909828,0.02000585690780099,0.023866286202974152,0.17519490503400448,-0.001474212957873533,0.0033556780699655064,-0.017470203786615457,0.022689490926495637,-0.0031562168660457246,-0.008757208865063149,0.005621880843136751,0.0009506192211574671,-0.00729044880336005,0.00700487901303859,-0.010811023745986859,0.1038304184558001,0.004608435751833895,-0.009374568104021819,-0.006247780415719717,-0.0010834520144271664,-0.012034609242618899,0.009774621914402815,0.0648878483639237,0.0003937970191145723,0.0012763047470798483,0.012690105893852888,0.0018724053600180923,-0.21488685106396588,0.01747850075992119,-0.010882529512628025,-0.0005909206697651825,-0.004593437959556468,-0.0039402679412887665,-0.0005056531881564297,-0.0007156984249832021,0.0038315490610330016,-0.0006270975409279345,0.023326353393485988,0.1146152696937861,-0.0007867295716437184,0.0013950824434232345,-0.03568786091545917,0.11909303199081478,-0.0037922176074971503,-0.017746533326089775,0.013821641519371042,0.0045114797026144515,-0.007961679806498978,-0.010424835142316624,0.006145078769804968,-0.002995591500393857,0.010096578418441027,-0.0017982852127715887,-0.004509487015639024,0.011682948629641032,-0.0007738334511486755,0.0025750108507054392,-0.0006274748820942477,-0.001623333249881398,0.004204083081276622,0.0028218767292855773,0.028490241523286386,0.0019771392846905655,-0.1001106218429868,0.00044076581798435654,0.004085544071131153,-0.24438473762165813,0.004218875950755319,-0.0037793424146457255,-0.004674803178204456,-0.017373749862599652,0.1511136914814415,0.0004918841091239301,-0.004349254008729986,-0.0027645649724945542,-0.00420213771667477,0.004422811723827635,-0.0017086040616050013,-0.0027948820681444886,-0.0007785044931551965,-0.001854691821392862,-0.17244335965142454,0.024472127326589543,-0.015645743733330164,-0.034900107344583375,-0.00777008328032025,-0.22672801050464386,-0.01568145213968819,-8.134934392955984e-5,0.017967429070267826,-0.0024612026529666764,-0.009236742834218603,0.16836808586594998,0.025548438081841596,0.009552292707439847,0.13551723977923302,-0.0017396429266227642,0.009136555718214368,-0.0011628129377641017,0.00909046463618779,0.03483789502570289,-0.06566352249319607,0.001755408986355178,0.0017095391765451495,-0.003557078028734395,-0.0023520725007983856,-0.002152122633788167,-0.0013557093593590253,-0.0037456595882758847,0.0030055624611122767,-0.0006307467128863209,-0.009251620807589234,0.0011605925008097984,0.24962415670142946,0.00021204518009199091,-0.008142589078488527,-0.02320204043007834,-0.0071105155257100705,-0.00377726332351358,0.0845338411108969,-0.002650722586622578,0.17600993825180922,0.00304112465119033,-0.008408157142639539,-0.01157854155530913,-0.008185568886688088,0.009286606869409297,-0.0025529528249990108,-0.0011120402043047761,-0.0005242699471637025,-0.006564652118868253,-0.001055147108672827,-0.03148990493900783,-0.01906410013475579,0.004130759652980487,0.003624427346039738,-0.005933307341365435,-0.0039320659980148776,-0.0005312956936904811,-0.0008204996215681604,0.00012372705100460735,-0.5165872428005969,-0.0019313040550059668,0.0005360144343740103,-0.08932231184576267,-0.005788918970210943,0.0011085222936344508,-0.0014313898636828526,-0.01165437212375764,0.0918624666874166,0.009244727474651881,0.03582722864439347,0.0022145257248666894,0.05458441345854226,-0.000534649201654247,0.005450340930110542,0.011613564343861071,-0.010162661872527678,-0.004814971445739502,-0.001835408500937774,7.116500273696147e-5,-0.0008169309494405752,0.009539058951759216,0.008639519807729812,-2.053386106126709e-5,0.008060124094981802,-0.0030762975334255316,0.0016268021026917268,-0.012474060214572091,-0.0036858402600046247,0.01162273831141647,0.0003704637651935627,-0.16143567896506283,-0.01173476220901648,-0.006241185337330535,0.007004802848769032,-0.006246601497196025,0.005203383671869233,0.04011530829205867,0.0077641830275752,-0.011091506303728238,-0.0004014043270217371,0.002320665113074938,-0.0037809432496942463,0.004153959809173102,0.0007150796832320339,-0.0020198312631691806,-0.006116575409464531,0.13491298448661837,-0.006207090551924921,-0.006691586252145498,-0.0052041770645701035,-0.011114840278480642,-0.01027149279252626,-0.004468928337928446,0.11282512394200239,-0.000952896142479176,-0.004739302988127747,0.014755601883734926,0.001028924911224749,0.006788005439375411,-0.0010092045622513979,0.005447057798846799,0.005275048665112081,-0.0003015366969520983,-0.007259452087964746,0.0006643406859438983,-0.0004851415960729355,-0.17052329545026623,0.03031441881421415,0.0010568937377684051,0.0058354217710530065,0.00795807407484972,0.05129545063027763,0.0032962819464046333,0.00603968011841971,0.005867303779723443,0.1634466642458392,-0.004798330365019865,-0.0066642198489716975,0.03802918799965482,-0.005468967688102566,0.004054291620377626,-0.059929571205429966,0.15690757120341914,-0.00016749668156990083,-0.016732866926759016,-0.00033869457092805533,-0.0007627515292369935,0.00011667244689306244,-0.003344275817653397,-0.025850499801435944,0.0055449165283789625,0.0019844621028823894,0.0025206520400331556,0.009494909880231717,0.0033559452003828483,0.0012898095192213077,-0.004260649101979652,-0.0021111036731440436,-0.00035730401646105747,-0.0042256746630755515,-0.00043999889692258876,-0.018002382333179412,0.002892871545441267,-0.008858237451022433,0.009229514244907477,0.005736456773547616,-0.005775356923862773,-0.016970492650671076,-0.010505493277833011,-0.013769270691227575,0.0006873730508232256,-0.0038479682654042335,-0.0023505235115521828,-0.006227630303783371,-0.005152205168087676,-0.014753940373338992,-0.0026251010394844343,-0.0007777433339697382,-0.0004963936162312166,0.0050010055031179945,0.0013590462390311586,-0.003819866664343863,0.0031094612859305926,0.0030203485703168553,-0.0061819408683732036,-0.002537338566071412,-0.0005592115912804729,-0.05259335474784166,-0.00047519921372440876,-0.15292368741889106,-0.004637031849142659,0.01643541554381045,0.0009281743286919664,-0.002800378336360154,0.02167544646636088,-0.00032314713189407485,0.0011159211017002235,-0.011417417957318321,0.0009182066144148848,0.0006446664992836304,-0.00968894471054682,-0.006958793110698025,0.0027818955731504502,0.02574292051053817,-0.00542014541952085,-0.0007008640100423236,-0.004039413068539943,-0.02150190426618792,0.05986956912238384,0.0014109281906939941,-0.004520293470591241,2.2960447495279368e-5,0.0010358731553310463,-0.007279524651039537,-0.0024279017233084232,0.06111952553328592,0.03938679740713269,0.12044767250336008,0.0018322555638405902,0.0003987290526765719,0.0008333361863606115,-0.013892254384700209,0.02252273528574733,-0.0023182063426929744,-0.010218198227448738,0.1711990131461789,-0.005534741664632747,-0.0015173150654845813,0.01552034755331988,-0.03642981620669161,-0.00126026105863275,0.0016586781293881359,-0.007450832562653886,-0.01728908442919419,0.008277544528027647,-0.017432445538361208,0.001309988831053488,-0.2161527338803353,-0.0031945253726917144,-0.02646847443520528,0.009236546631655074,0.015008880283744475,-0.012731586673567108,0.005937168220043532,-0.0032427242877020035,0.06596557528609992,0.0643664427020667,-0.15199942458002624,0.1751867929851869,-0.000590718686225955,-0.011086672104170248,-0.0026826394441741286,0.009106149927902152,0.002058058103557414,-0.005076564508271986,-0.1606917207591323,0.001305067529756343,0.0022538902685482753,0.004651540481063421,-0.12716653495681385,0.0016121042190206936,-0.00043862960365004255,-0.0019410562790653785,0.0038569692478631623,0.047852220777485854,-0.017150838089946774,-0.006287321349191188,0.0015468978835997405,0.00382485707905289,0.011704527029451128,-0.01476088718209212,-0.009750880437309206,0.00018303488400306378,-0.004517043553050826,0.0025569431782059837,-0.03816053608807124,-0.006062793000637612,-0.00551893883766752,-0.013023642593907425,-0.013097134521558473,-0.005329109569174761,-0.007165247462438629,0.0015914965406409465,-0.0037283808278516517,0.0006039806175976992,-0.0005901503391214646,0.034272585156941204,-0.00010344937459194625,0.003321168027468957,0.0002869214504244155,-0.008305943929372006,-0.004129307108087232,0.0002997862493430148,-0.005839549316078774,-0.00760611993882776,0.04973392496322049,0.0152942572435677,-0.006937946448033472,-0.02291678082110593,0.0017047548899427056,-0.00917016603943921,-0.004423881547609199,-0.004922523851746519,0.0012413868516887305,0.007835611584596336,-0.00022421396147365158,0.004915130289646186,-0.0020805656458833255,-0.006526263683099387,-0.022541394355812372,-0.004950832309987163,0.0013512292587165575,0.004782862689353351,-0.0015639841981283098,0.0016885715881471697,0.0061776975489920005,0.014740086974143196,-0.0007474959966202732,0.0007287776406883495,0.06073833677328366,0.005673489869270298,0.01493325026558523,0.0029402349837255315,-0.04823059453792666,0.21981194172622054,-0.12074166926993257,0.001880423438251455,0.010216457438673388,0.004754295724296753,-0.09546408496316872,-0.004017339355641525,0.004557523565381416,0.0027230304303884623,0.0005636009504996764,-0.014214364901818044,0.0023624116308837984,-0.23445813919079228,0.2717687419408321,-0.0012124563586439763,-0.14362995551346103,0.005990827282403188,0.039140135115303565,0.0011691502868416137,-0.0011484283036224952,-0.004472806267585838,0.0033728533546764083,-0.12289461267346269,-0.002772973183709837,0.0006317620227491716,-0.0001405878228979418,0.012879098108442122,0.15361712330377486,0.4027636564696877,0.0034706147025644896,-0.004141084419643448,0.0021578141503368897,-0.012191509349690932,0.10365762351625563,0.0007572565036753076,0.02134692084746348,-0.010320107022380398,-0.005437540016373532,0.0015945391174909673,-0.00461217245356238,-0.0007446493109455332,0.019777132602939673,0.014036532139471092,-0.058183218310432494,0.0050702389124843705,-0.0021770614312117686,0.0182240694630309,0.0007390340842903242,-0.000692019465532212,-0.0016758112470824926,0.002712230966608331,0.003921823543350911,-0.008467352663274141,0.0013694361334728455,-0.0151525169683282,-0.004069704753874248,-0.011045150507925428,-0.004799755184649257,0.27012439701320545,-0.00019886816630787507,0.030993903435955872,-0.061021926711873675,-0.009483699412157875,-0.007790757807015325,-0.012387639698545172,-0.0025975275318046442,-0.004615999710949836,-0.0018001285925492994,-0.0027549542496672075,0.008413170151015947,-0.001193771799080423,-0.03443646084269858,-0.00581056026112492,0.0024008136007864778,-0.0041666719371278305,-0.007486871169476217,0.004171214381358368,0.016704615823528002,0.08501004088736863,-0.014506804986012867,-0.0022541979706147686,-0.0033456375986133935,0.09796241280128015,0.006979892788933739,-0.003892443418635594,0.0030746228803764097,-0.004606062695529545,-0.011283360973720846,-0.002878094759580563,-3.419972927076742e-8,0.007115250831702724,9.947571174961922e-5,0.003206431639227958,0.0031104719796530844,0.004240161502821138,0.01702102603496769,-0.006569847258106165,-0.003974591058522492,-0.005294157311709569,0.0007593210643790371,0.003210503475202131,0.000772231167843529,-0.0009845881642149834,0.006224599790584762,-0.0008346007716681925,-0.006526102861243999,-0.10297745611114806,0.0025151480022032047,0.0037347200741351116,-0.010840151236834572,-0.007509610231863917,0.005806755464334401,0.002908917776949238,0.1280705659683008,-0.008263593465926533,0.005945756776327471,-0.000881987326692979,0.0004716056246252265,-0.005878565337297914,-0.003768991567994817,0.0061946523953793076,-0.025522701277623128,-0.0036360078847792465,-0.00031586508976033656,0.000984353545106842,-0.17847715885454818,-0.0002273553363920655,-0.04780731152482076,-0.002909197041049083,-0.0008738433859889483,0.006032985263118462,-0.010160363895295177,0.0018651827422218048,-0.007828583795799204,0.007191562800016982,-0.001326100133383079,-0.0037999610822225804,-0.003710738837980898,0.004482065660454282,-0.050358003531073336,-0.0072098170735444,-0.013671539477286387,-0.005457963352455408,0.00037862319595660665,0.0032125448971669357,0.004997456886485452,-0.011988820792339538,0.008305440618869397,0.0004918318459203874,-0.0024998300168590504,-0.03182533727326131,0.0016871200978130219,0.05605358559296292,-0.008161777304849238,0.0013265037962355564,-0.0030272109497673227,-0.01015978490067937,-0.0005996602299092046,-0.00751660424145939,0.003918258206340397,0.003056762937376334,-0.0059800915487358,0.0010286014394296217,0.012219329828143888,0.0008328083308697387,-0.03148933290682976,-0.0014726900408277288,0.000370691882835672,-0.008544471801542386,0.03762460358223052,-0.006039581722006915,-0.10047546174064337,0.0026816240197149455,0.004555584238460142,-0.0017141626760803774,-0.0028873111368739046,-0.012342920883213537,-0.003075011901273683,0.07275095826798861,-0.00045280574886419345,0.0013228670904936735,-0.0006873184854612191,0.02154705111399835,0.2311634593324925,-0.002130136268760907,-0.0053653292161470745,-0.0032892973449634155,-0.005159985769751074,-0.05084993558602946,0.009621061134112097,0.0058402842569194036,-0.010009816804327443,0.004402619049642453,0.0125459164246422,0.02313917981018676,0.00985453179146134,0.004164389436937199,0.027456960579911538,-0.001795490021322621,0.0014900720691457536,-0.04087378429585442,-0.0028791022932637134,-0.0045925329886813415,0.02519792203202087,-0.0006133784158919298,-0.0021122451580595225,-0.0001066614834144275,0.016153273822965275,0.00290269201832416,0.004795526872499067,0.0038952277773205424,0.0010939020335172245,0.0021789581437587913,0.0041498158341255476,-5.802132727694698e-5,-0.00607574805871991,-0.0019125342996630934,-0.005567881537899666,0.0002370316422002361,-0.004857113002344704,0.0006197452519245417,0.0006308036299174091,0.0004831582118640654,0.002739124724030262,0.0005771289695530868,-0.012595387994679186,-0.0022739632331649773,-0.006673489060631255,0.010231437529910181,0.1183183762104818,0.002149104621821607,-0.06588369566452457,0.0013455295920721255,0.0022846725510135,-0.003865409372394879,0.002375893279918273,-0.00293283977862302,0.004637704465494608,-0.002513938206675448,0.00157460974969581,-0.0014482651622529374,-0.0029263436089763672,-0.0024670440498084645,-0.011736056487734459,-0.004704655583736894,-0.0014437482195717166,0.002638226529597887,-0.003161345598527987,0.01417366845498691,-7.354345890320246e-5,-0.022592694505192412,-0.006389294126620371,-0.006839126395789208,-0.005726950348844184,0.0353690562023985,0.0007228030226542614,0.1329755631286389,-0.1673548268599916,0.003711619809109834,0.0031237326775226393,0.006135085561254527,-0.001659612103139807,0.003918111689927173,-0.016543983558221953,0.0009160959234577604,0.006234551860870852,-0.0034354825174887083,0.008590271463617682,-0.0998173236216644,-0.0028754103941537323,0.0008485076868964825,-0.02206878805534984,-0.0021159109323889425,-0.012295741626076051,0.13271311627931937,0.002890400929572934,0.0038014979857621256,0.0006360057823258103,-0.007882493709985283,-0.007983010821135395,0.0025277022870540122,-0.002597506655547477,0.0015224157988313891,-0.013082841732739325,0.18700267071744747,0.0015746212406497762,0.004054587097016338,-0.007850764866816462,-0.009039250259320397,0.001593559314187587,0.07831668785911461,-0.0006244616351978038,0.0011492113153508399,0.012669084175286116,-0.0032426230018245406,-0.007770528452169856,0.00304271832555969,-0.05934692829760024,-0.097530624004321,-0.02598245081389905,-0.005177716077014338,0.01589578217840426,0.004125605630861173,-0.009156855307082878,0.0033462571346376535,-0.00025558779861967196,0.0008897133611753816,8.063986570050474e-6,0.0037008959634476923,0.00308053858339008,-0.0011352721294315415,-0.0003812027036076415,0.003998912012917799,0.013876566431463289,-0.003527296218635456,-0.015205277609311452,0.003410496519791195,-0.0071062505567169865,0.005745683563873172,0.0007729655621915299,-0.00591021271657155,-0.044169240387986974,0.05048811909682627,0.12423060541004816,-0.0008160195138771087,0.002094828523695469,-0.0026092575817528996,-0.006307190014467778,0.0005185562795304577,-0.014886258032987598,0.07233483683921804,0.07871199703504317,-0.0014249624807982642,-0.031046265350823887,-0.010572901718660432,-0.002572720724856481,-0.0027337463843650767,-0.005143905141267169,0.010148925738121761,0.027954684454016387,0.002279312397661215,-0.005085768720277883,-0.001341370499403638,0.0027905497427127557,0.012689391757703561,-0.017149350123418117,-0.015158453908952652,-6.155967184895417e-6,-0.014658929005236132,-0.005029167956308811,-0.007625784708579886,0.017348092510246715,-0.006040519710040826,0.027823191049719753,0.009663537475717021,-0.015609600197421969,-0.0020145616997524485,-0.01849435265376087,0.019398301008550334,0.015032410790809081,-0.005205112670410017,0.008621437544206856,0.0026428498995301197,0.01726777734177176,0.008843261278343562,-0.0010098415032189223,0.0038054650785852573,-0.013055764417003957,-0.03466612694592186,0.0070192317508599444,0.0024450673372484744,0.00719648378662896,0.005120094014273491,-0.001546149254750162,0.01363603847653394,-0.004280562055100745,-0.00607958533691999,0.005995839994739072,0.011843032309116097,0.002371190416852187,-0.0012208711195853539,-0.0019453087834335747,0.014031363344258807,-0.0067183326688600165,0.006414856163871718,-0.01748199514713633,0.0035883267628378235,-0.0028870032701888704,0.012845492976794048,-0.004774437102923912,0.0029663420227734605,0.005191147073674074,0.005621098258416168,0.03149399854919466,0.00401842370911254,0.0029894060000970057,-0.0023173422418949485,-0.00179866814869456,-0.0009763063528680505,0.0033954566133616026,0.003568554775256416,-0.007899179757259844,0.004589690855027584,0.0002292022116989756,-0.010465876079365444,-0.021057168448763264,-0.004650923225199222,-0.008089241554444015,-0.00326710327544788,0.00750399989374273,-0.016862704520804073,0.005432357354493433,0.0063969397961045615,0.06999907387307758,-0.005843499221555248,0.01662507612945774,-0.0027573179304454243,9.480935705141746e-5,0.046102617517817635,-0.013312342436620384,-0.001914688671604381,0.007282791598299809,0.013234952678431,0.033262277238463867,-0.0001938913298999978,0.003023935117198562,0.003688775577757042,-0.009210188514543916,-0.0018798595315274724,-0.0050602336013980675,-0.007067887630910263,-0.009407768888195278,-0.011319602936055162,0.005731501775699144,0.0217274071464999,0.009168407467768702,0.0036404605671123136,-0.0012997739113416173,-0.014964110569053446,-0.014963132437969762,0.007840265385766543,-0.0017193576684348955,0.005238959540747601,0.005270880491480057,0.002575291213588571,0.00992884468541888,-0.006581170367098821,-0.007201628181064734,0.00351918674823537,-0.006003316831993288,0.00018138334166906134,0.0026360801728628758,-0.008734368900150002,0.005238416061729367,-0.007722823541371326,-0.001906738923935336,0.005921712979215954,0.003505769604203124,-0.008029346510738833,-0.0010934467218248756,0.05243473055445236,0.009251103394944948,0.0024817409948809654,-0.002814788416344527,-0.010847070074532894,0.002287940548512779,0.005336767321750813,0.0014770578081879648,-0.014279238813173833,0.0053110340982129856,0.002015776044117956,-0.02044948798720725,0.00628266490821261,0.004682589888943767,0.0010401239533166518,-0.007765592743453453,0.0013369371517910622,0.0022253179786275723,-0.016698224532774475,0.0017693544116106352,0.0013265570310068142,-0.013239956468169112,-0.014503084940201916,0.02502487596757419,0.0011136534940305864,-0.0701088689675089,-0.02252278535888763,-0.0071030533263183315,0.006878701545701915,0.001975238033594451,-0.0049010964248736855,0.0032347307105737855,-0.007325467564896826,-0.016809708681648772,0.01623786423351703,-0.01618649695228669,0.0040328836903427145,0.0023980439568731526,0.004886668311883113,-0.00034366156342002796,-0.004470789657034402,0.008838041056151269,-0.007366060252934403,0.004825636257919541,-0.004886497627467179,-0.00464219871264504,0.00832603335584281,-0.010466118403655855,0.0015726043264123746,0.02738431223497173,-0.04679683761469278,0.009602444216397998,-0.004057025358974897,-0.0026485480475457734,-0.01904779886262986,-0.0002412096546322573,-0.008173869919801291,-0.0006357490428854362,0.003643488023953978,-0.0014969387120800093,0.0001899314138427144,-0.012939329350956541,-0.0010831020726982388,0.003517502649629023,0.010880898507821257,-0.0019690113467731862,0.0022528209533447807,0.0007379897315331618,-0.011559100446902448,0.0011015566153673717,-0.002068855153993354,-0.001986424215374427,0.000722128808774869,0.010164756851736456,0.009095357773446722,-0.007813475471721176,0.004313477515665909,-0.0033766781198210083,-0.0007597075484433446,-0.004559806189718074,0.002396354525899369,0.005132044691890769,-0.004142940325436939,-0.024490953168424312,-0.003791122109760181,-0.0008340239114659198,0.0025133097924481262,0.001551886296738303,-0.009802212252907339,-0.005849827453289436,-0.008848303362483989,0.005229303843520938,0.007432778147631325,-0.00422901987383284,0.003436515972680354,-0.024176958902444312,-0.00015715636254753917,0.009924176938511664,-0.013219497034754113,-0.009294496087932202,-0.007410633847939607,0.04929314222545145,0.0006208410595718306,-0.0016937678783506271,-0.004136203908274183,-0.009640808504627785,-0.0031583237846462,-0.005477086130440512,-0.007551648612206918,0.007321055147258448,0.0031493881078858976,0.012807682937477693,-0.007378215250355424,-0.03825620871771207,-0.02134793300729143,-0.003789692414102319,-0.0013115365492240016,0.00017772390083337086,-0.001685629196444438,0.001025943659897166,-0.017785598410227976,0.0011686260222631972,0.0006057394875824684,0.009830764358412125,-0.00322832609276702,0.004197525095150922,-0.0013410956016741693,-0.006771805572498124,0.0033683257863685867,-0.006345573783619329,0.007385719655758294,-0.009995539704505063,-0.0011046634550666568,0.0019343787762977627,0.0025366540253344283,-0.010511567826938517,-0.0009615333365218248,-0.011515118090756005,0.004555442382752517,0.06873079590423004,0.0003135518345516175,0.0010845670790331496,0.028423000121620134,-0.010691931980545633,-0.02065934588699747,-0.00489595521321462,0.003916317276889458,-0.009758031320643568,0.0016620560289766217,-0.007954430489007791,0.000821285403389993,0.0031740129452373367,-0.013078133676572179,0.0035376518535485957,0.004796573250246183,0.012604573327962498,0.026143147721541027,-0.0050802064374693146,-0.0007674532253076904,0.012483058651923784,-0.015148236378990987,-0.00018467976769898087,0.012613475061925783,-0.001426785034027489,-0.008098831186401867,-0.003545759603184706,0.001771163995954339,-0.0007512058193697158,0.002359278117182839,0.004583466350140952,0.013662951782862365,-0.026871313328229007,-0.036229305577762716,-0.0005545108078877092,-0.006475175430750824,-0.02311945823385031,0.0013269682331156218,0.0018299476353149657,-0.011357609304468497,0.006650710369285662,0.002020488468133408,0.006511684674023854,-0.004949965863943362,-0.006411471365026955,-0.0063339040980281425,0.0013643210818372609,-0.0014335315299831564,0.033927804322956945,0.0009253555735995178,0.04950483595530386,0.0025445344936088077,0.014831197175681154,0.001871706806923612,0.010390760741756822,-0.005732428013288882,-0.002149178599438528,0.010974387306305289,-0.0023805502460163552,-0.004220670366521517,-0.005521048930972938,0.0050632618858799106,-0.004183544477882606,-0.005514084762580751,-0.00206262190772577,0.002516911414943479,0.012664306629403654,0.0014034669550255785,-0.0006616906466661021,-0.0010512647804716835,0.021889035659114597,0.0094051215151012,0.010132247364481373,0.005298567812133115,-0.0073991543667943915,-0.0063731380732861,0.0288898603648704,0.0006369095734726216,-0.005967093290564662,0.004041580138050449,-0.008286157510610792,0.002108924792906919,0.0008533166783308843,-0.0020637169185420134,0.023399940403578512,-0.006456538185375393,-0.00225176054664189,-0.00215234405004594,-0.004253834453265881,-0.021919296972555458,-0.004707306812747447,-0.001094751260097837,-0.006298999351656676,0.003405797731829807,0.0037193628368186182,0.0009355365608030297,-0.0029783267546008574,0.005983282730994688,0.024270353614156193,-0.0019033598683790842,0.02187561336086219,-0.0010348818977945484,0.0027419436451054935,-0.0026667358793019957,0.0063365564737978275,-0.008017072400491543,-0.01372010529075851,-0.005443817097784631,-0.005275537672787323,0.003849592783922162,0.000741210957585281,-0.0006412526236090343,-0.003454403342061596,-0.00011436620911808859,-0.0037052212110211258,-0.007189494789372475,-0.007053903410451312,0.04116388521111958,0.0017767079696113797,0.002654739299941866,-0.0036935874409209646,0.024499788087268826,-0.014687795440295304,-0.003195845003119757,0.01273038532508508,0.011357451751337067,0.0024939547586200206,-0.00659016141594293,-0.002753701142864884,-0.013847133131548617,0.0013274766286599515,0.004592117004904139,-0.015210180587928335,-0.025320074306364404,0.0072075475018209545,-0.002528339606215013,-0.0016140672278197599,-0.01325767769117192,0.000631035248261469,-0.015836807455798407,0.007331211156270001,-0.003915858459322408,-0.000572144596844737,-0.0011558553123904858,-0.002795243158914218,0.004535588313956396,0.004150183013734932,-0.004612351336618303,-0.005540255569030705,-0.013166065433324547,0.0018899447550211335,0.008080830137032535,0.0015999063480194309,0.0018427110435368377,0.0037920047452644212,0.07262569019076182,-0.020900035578733878,-0.0010462551074397197,0.013680859034138848,-0.0035640514562373937,-0.0017752413837115455,0.006032438184774946,-0.0009757881816767622,-0.004453753970665275,0.0025315189341199584,0.06350065980041109,0.011778605292477096,0.00019565504885576956,0.004673302006040103,-0.004938514067362121,0.12415709782635531,0.0012519255767529103,0.002376320365783613,0.0060136263005006185,-0.02408409100667086,-0.010061944566587044,0.002537420857606776,-0.0037915029226951447,0.015205031413643155,-0.006259815115299716,-0.005286158303761113,-0.010949472474521826,0.012934539723573835,0.004080216277543514,-0.009702184387833768,0.002001988497113416,0.007498253389258025,-0.009457779367949115,-0.0015564893997179752,0.07100200295826653,-0.002124242400896037,0.005761585557820581,-0.003090495042670227,0.0043542285932289815,-0.01937378958473346,0.024452676309010712,0.02428734158820589,-0.03137132182908431,0.0028414518092176877,-0.0008708093560017005,0.006431006245975368,0.002200316972903238,0.0036842390481979237,0.0029158966794966545,0.001926384007674642,0.006576645877885312,0.0013127157394876576,0.013543893514906813,-0.0035188255817502068,0.007003429316682741,-0.007593804857151554,0.003901999986737792,0.0005213886192905193,0.004129031170577946,-0.00288389847628423,0.0016011943374678594,0.0027006395159787644,0.007061505723868322,0.045064403003379994,-0.0019383549504254916,0.007736343592796402,0.0016763862722655176,-0.03816427645074327,-0.01516942255966569,-0.005422885347798001,-0.00010376968612035853,0.009814372339633337,-0.0010602655961520213,0.004306993825593963,-0.05409026483755497,-0.003737533517551128,0.039938796493970585,0.011375911716640985,0.0029167568982302328,-0.03881980415326325,0.058353135374090925,-0.0023884402253315784,-0.02390037572172332,0.01145006455544717,-0.052686435563146006,-0.00021155037370590435,-0.0027458281992949196,0.0017422195805920637,-0.004255977061347949,0.01721583663675119,0.0017039158674378996,-0.019557381559934583,0.010423136699500901,-0.0005538173936656676,0.0028970929724891903,0.0004250728234183043,-0.01965616583584051,0.0006504739813664173,4.82385917166539e-5,0.006366218644416222,0.028106028503316338,-0.0002548369257056038,0.0003740671228200654,-0.02868580036374624,0.005809379132188042,-0.005028238560043974,0.022935006641091604,0.020426801073881506,-0.011474363493107376,0.010740021940364386,-0.0028858231830781733,0.010778902546007885,0.004935323906465783,-0.0022286626915501984,-0.001316803653480747,-0.0012326414112067141,-0.002210416448633623,-0.016037010611398728,0.05462822324807348,-0.004812722376300371,0.0015126294601941481,-0.0024810525350744683,-0.0006737811245329794,0.0032738690420046623,0.0026131470931431977,-0.0032838467911346925,-0.000617591774698667,0.007539419258876023,-0.01668814356310122,0.0070248582460408215,0.01373586345334843,0.011152804152516183,-0.013350294487281644,-1.5321259525080677e-5,0.011143028945298283,-0.044640461701419554,-0.007712572516481941,-0.003935576765798032,0.005542676803997892,-0.003726901933987392,-0.031816879727557534,0.0036339550497359596,-0.01405541368330887,0.012555971636174945,0.023982206446817145,-0.04677694136535138,-0.006734050384125112,-0.008510796834343637,-0.008998433823080632,0.006744062630787084,0.004358953495284368,0.0006163727343846404,-0.01151238140073474,-0.002334693439934199,-0.006763199143279053,0.004934217359277682,0.0031215989067732153,0.0038679164836139535,-0.0028559082098809085,0.02665323968631128,0.004844783221415128,-0.0016381428308704926,-0.0006126532427970233,-0.02795026943067569,-0.001738246268871535,-0.031163201042431865,-0.01080490649121657,0.0007577087881145417,0.00018578858927753572,-0.00034008587044809246,0.048611873427944374,-0.020457715745124005,-0.004392680279124761,0.0033157555990328547,-0.008527053041234467,-0.010586307090548086,-0.004988754036503451,0.0005478767807289842,0.006964917471123044,0.005778661300496424,-0.0047967524088790015,0.0008409018755628495,0.002662654377900253,0.005296457855820336,0.002302898006973919,-0.0029570414330919448,-0.009208102997945389,0.012448867375496775,-0.005143334054082516,0.008294430635487515,0.003929749022518081,-0.006385839014001249,-0.00033280822663073195,0.003261889969508047,0.008593503703195893,-0.013281712287835035,-0.006266911768761929,-0.015714390410721535,0.01056002347240792,0.055957590243451705,0.00778671809075604,-0.00182343389315065,0.0034468796984583605,0.02362214421009412,0.0030427869526192808,-0.0024405236890743254,-0.0018432424767524935,-0.007369991873019899,-0.002443340619265655,-0.0039102686487240135,-0.006439648711875634,-0.0005352433104235388,0.07079154170241964,0.0011506653179367277,-0.004185941894320422,0.007108735839210567,0.002196789512709074,-0.0022369473890648806,-0.002956896984414925,-0.005499898275957094,-0.003930881877188597,-0.008703462866833434,-0.019727056095689477,0.014478025917014747,-0.004677217741118511,-0.019276247291600157,-0.014915051871867036,-0.0007644822871952783,-0.002872529809110347,-0.00310736481242202,-0.09302012612205601,-0.0037451650578077533,-0.0023206054383990704,0.10266667948326358,-0.002777814826913527,-0.006014019828398887,0.00021576093377007055,-0.0009524259526187961,-0.0021038944803422055,0.0032794763428682927,0.008162405458278954,0.032361919368923964,-0.0022431279212469235,-0.008993037356049172,-0.028036208710545907,-0.0046448541665995435,0.008266412549346569,0.0032140501241428865,0.006933992660378863,0.0010185233149968553,-0.0028340058233879972,-0.0023957995008458965,0.006432970792047854,0.004196267589577474,-0.018192667956554942,0.001995391715013284,0.05348762076027924,-0.00710933073060005,-0.0017240162769667222,0.0002226756778327399,-0.004438160568042804,0.00027644010515359696,0.0004191975813228055,0.001802935206796974,-0.0052149660123177455,0.003853515215268999,0.0002203325466325623,0.0003478330272628227,0.0010867529463212122,-0.006675594117041328,0.01527118265221361,0.0031457939203392016,0.011669535838336742,-0.0005501549073869683,-0.0006021849962962733,-0.013262985333312827,-0.0012393416200211504,0.0008130357236950658,-0.008361985234841995,0.00894269945410997,0.0055289539177465485,0.039527603644728515,0.005683324732217443,0.003826691493486578,0.0021092539263918297,0.013130537616689253,0.0002855078819266055,0.0024840988452297097,0.004600677753387572,-0.06789587407729414,-0.0071900122309216385,0.01109042954681172,0.004688812224685535,0.0074819721367020975,0.0002171019609704672,0.00042984355059161317,0.027683631706167944,-0.004214161102595426,0.001686499909737904,-0.07550771208502738,0.005767537592419103,0.006931736284741419,-0.0016869436681190564,-0.015314912178382656,-0.00858377472201255,-0.0009325423125119414,-0.0028238618508567015,-0.01588496075692092,0.008329371016998266,-0.0024006563254488356,0.0001162859612122702,-0.006962514370570716,-0.00432632681895484,0.003737416945341465,0.00032063429262052523,-0.006313490589946014,0.006924035341171475,5.803414842375787e-5,-0.0005911151722557406,-0.0017622607874727692,0.0016485023961649858,0.006669261337242105,0.003631354215031024,0.0010999286159858457,0.01271299278778315,0.010300416927293554,1.5318172927436535e-5,0.0056676023882573645,-0.004834290074541059,-0.001482308383401687,0.014057895960831956,0.010127947512728497,-0.004323897166614188,0.0035743460498451896,0.001266487781322212,0.001751665721712925,0.01832243955504964,0.015192889750323957,0.03695401350469396,0.005601120850656116,-0.005371716636545898,0.0023183988423625124,-0.004286806544769206,-0.0032327875946407403,-0.010302824972313829,0.016470591248435085,-0.001635929724216112,0.005855323767718801,0.0016453844255011063,-0.04272118801054603,-0.004030831672892532,-0.011837386178740417,0.00968242321573598,0.013619611930153042,-0.0031786670807605333,-0.001735960729092767,-0.006138301389910339,0.011291718918528204,-0.0002918077061622171,0.005145049841758009,-0.06787102443172444,0.0011458383901299385,0.008222521408242756,-0.005744606999087409,0.0027037932704843115,-0.010823602804521215,0.02056865766644478,0.006334087981485936,-0.008108356611955969,0.003772579377027796,0.007292580207831634,-0.0003981124268648273,-0.014676146299279935,-0.0010388248265371658,-0.005770633858446672,0.008140272428136086,0.006957547990168678,0.006303877429672866,-0.00027972484463134606,0.009810137940348795,0.0033260933923884295,0.036501442188637157,-0.005095598429761594,-0.001833771659676131,-0.006166023855257663,-0.004623939505790986,0.0013278439801069908,0.009392397611918568,-0.004414516945416835,0.06492672386275444,-0.006695422733173473,0.007709773119131569,-0.0005841719994350569,0.004703543598225224,0.0006297995200839068,-0.0074500687192085024,-0.0027626194514596136,0.0049769441252465185,-0.003827301949172579,-0.002515644937432171,0.0025535900467730244,0.014884451381533381,-0.01962033597556001,-3.7562946090474725e-5,0.0006859558598080184,0.006917049854564539,0.0007075817975419341,-0.0028938509358340525,-0.0012940324377268553,0.0029438359983942064,0.003617780754211708,0.004258181233922187,-0.0016114125546664582,-0.012683625525824027,-0.0036461584002722702,0.0027760370553551184,-0.02142121962378951,0.00571740560235412,-0.0028638900912483223,-0.014101312879574834,-0.05201919004593947,0.002064179077251538,0.006905541756168532,-0.003787552966059593,0.010213873102202342,0.005884454597435251,0.0008168366721292841,0.0008425911441918288,0.009564715566739324,0.0004637219371943502,0.00046483116238960065,0.009244276016033837,0.01435006750057255,0.004412358083300205,-0.0022396881940949243,0.018993499788848567,-0.0002590891072031809,0.0032233765118689917,-0.0035994264214878058,0.01028943334813448,-0.00468661187824182,-0.01423756748181404,-0.002593958150328035,0.0016649662553618327,0.00215676981042634,-0.010323539415367122,0.0020540089774385706,-0.02131575310795597,0.0033571701296182255,-0.001841684306782554,-0.0001124939542478387,-0.01891378697291657,0.0007419081939588068,-0.004691915553848958,-0.00959704183469512,0.016735427961975802,-0.015102542583917966,0.0048708780468587065,-0.0036419205104039065,-0.0033492204956928617,0.0003440933051024331,0.09269222783314035,0.03552104617210716,0.01854566194515428,-0.028486575859005825,-0.0024772216129349545,-0.022631537569395732,0.011620099391620897,0.021613902821627562,-0.004775492041517282,0.015589368431392359,-0.05654728257286479,-0.005801984309471209,0.01913624084681942,-0.001882097996713128,0.00011308936359455402,0.00497763177691013,-0.015972782849758005,0.011668416335851362,0.0010566826831563958,0.010137928699350596,-0.0007546652559540235,0.00457420667680708,0.004294731751542713,0.007617459865286946,-0.001772592424913455,0.00739098376743641,0.002592400742287282,0.001576095769451058,0.0006823002227065444,-0.011965736850015674,0.006260084457608173,-6.847432996437419e-5,-0.014092825066654768,-0.016022725018046913,0.0167151351904522,-0.006790702509988478,-0.006327751802189141,-0.0051705632897665055,0.02635320990884793,0.0023757182214012573,0.053054222093123826,-0.008747725496505154,-0.0032502582917004474,0.008214529426368244,-0.004890172712293861,-0.0019854636561831285,0.00608674346585758,-0.007380270900810615,0.011054711773113013,-0.022172316417709226,-0.004258399101672694,-0.003855375942293904,0.004574387947513969,-0.010674974259927694,-0.0014328285251394846,0.008011333898139128,-0.005601188677246682,-0.005858238379914837,0.0017820767216107924,0.0005952031765446009,0.005902978908125078,0.01892702710665617,-0.0022744820960269863,0.011159265964124643,-0.004943149799601088,-0.016130499813016286,0.005719910375773907,-0.006893766054872685,0.00035970651060779346,2.08859967187891e-5,-0.0037970443854646874,0.0031548264122420733,-0.007421354210279674,-0.004750950221023231,0.005090590134841477,-0.0013684004570677644,0.0006444119226216571,-0.0036256007711017446,0.013653559898557432,0.003638389764546446,0.0072752123137433955,0.004136009997637302,-0.004744843791741005,-0.004978061491783592,0.004519318183724863,0.0009878931655293854,0.012785740886556596,0.014829541859171513,-0.001965677976841107,0.038481941397549235,-0.004157299341386533,0.0027498971849126974,0.0023846519161452306,0.005486046672558587,0.018050059187771694,-0.01784350853631622,0.0010592912294669077,-0.009407997617927322,0.003619278940732329,-0.0026161032542404428,0.003115251000963326,-0.0031952158042258816,-0.014648364683125692,-0.00489167840578375,0.010763068559072053,-0.0013610405276267556,0.0007405122460113489,0.0013256962879495404,-0.00018493119546292291,-0.005520992337551434,-0.01591889963740556,-0.011685254732583417,-0.004043671789986547,0.015562040862050708,0.0022536614942509914,-0.003298275415545504,-0.0012290282529647811,0.0238477517427782,0.003031252352229785,-0.0011123494725779892,0.004309989064495312,-0.005030100195654086,-0.006461164921120144,0.0008758724461586098,-0.0020266822139092255,0.006333524231195042,-0.0011966586498601828,-0.02006996432373853,-0.004821482825718704,-0.00648780111441738,0.005668113991760038,-0.026645791302144062,-0.013482190371064462,0.005118739486988488,-0.0074462924785621,0.012096578881937603,-0.00010254620929117664,-0.007745260489220751,0.00014879323498462327,-0.011353220369301198,0.008822935481475724,0.005974683010947501,-0.03203864485021768,0.020298412756346806,-0.029208878489498602,-0.003782427199439553,0.0026334904205214116,-0.008368569138838211,-0.020489733985868952,-0.005357318807000411,0.007220484370918712,-0.006457014700572472,-0.003948681991460035,-0.004439624692622601,-0.006401209502882921,0.0031198353735817363,0.0013633568107502825,-0.0029242749517379707,-0.00234997019452976,-0.0053074137613293715,-0.00539935330652952,0.005966070250963185,0.006081219627731116,-0.020965497984889225,0.0009196037435685867,0.0098818239071079,-0.011061335629165114,0.005611432136902295,-0.0038078792572378006,0.026976493718393613,0.0030256820002705354,-0.008174311880566165,-0.006183753196637554,0.021375087326077846,-0.022687595097522717,-0.006390947702129779,-0.002854567907093042,0.00018612983330967836,-0.05971349059836939,0.02766775564805357,-0.00618343327198545,-0.005400374601322255,0.0012658642262977082,-0.003291742109468032,0.04057042188196647,0.005221981271688492,-0.014670096035843017,0.021442494095936127,0.004309642074986186,-0.006808395050029503,-0.0035842588640662143,0.0007065495638016728,4.018911931780167e-5,-0.008008072595202975,-0.013377170560488594,0.004015053029434057,0.021908840381456685,-0.005827724553455482,-0.006750496731001476,-0.01871255568767083,0.0044293797145655844,-0.0008646975073673957,0.0002572803423390724,0.0050032969602398225,0.03953607451512653,0.0009880950619844953,0.03014783402068133,-0.02789022639444738,-0.0011279567158908321,-0.003773581322093378,-0.0077011385628793505,-0.012882073542641592,-0.016734910173909157,0.006290698288552221,0.005626123219371948,-0.008245640480708971,-0.0020401169927026785,0.0020053019941315142,-0.026498292871110607,0.008795674420071009,-0.011071876483356391,-0.00027641572523862123,0.0005633075966215983,-0.006207174095379742,-0.020886081535536505,-0.005966889388673735,0.06954321050307044,-0.008820668169619239,0.01683489693687079,-0.003602039358156617,-0.012711923445749562,-0.005827095531458326,-0.029190854123356758,0.0067676901587674365,0.03169579098448594,0.021196897615482158,0.0015901556798780803,0.002006140726734884,0.010394739560069866,-0.009211234903432342,-0.00463045708147547,0.005200493515076232,-0.004047318553148216,0.000688340597662318,0.021552011792664416,-0.00020616234758108476,0.0021934402093393146,-0.0028790065664452413,-0.0008873359581116347,-0.004823677958484041,0.005285737481244723,0.013233673230388376,-0.01284900260543509,-0.0006085926129344443,-0.003104323750903859,-0.008413480786202854,-0.016096832496259594,-0.0033014770630757084,-0.02233041282886461,-0.008202411056117853,-0.0012368038424028782,0.004591059644553752,-0.0009003253376249631,-0.013556451838894645,0.004490247943934378,-0.004681562518271676,0.04078083384592901,-0.009106905452426872,-0.00986374857757255,0.007771239176236122,0.001267591185751371,-0.004462461030925624,0.007369438063506095,0.02399052853388639,-0.013997644862570269,-0.0006585261651252949,0.007585850375107839,-0.008289523975690827,0.04319317035515269,0.002639302532770671,-0.0025843803741736338,0.05679719118961657,0.0036403041549419868,0.00505810079857838,0.0029471247835317627,0.015734216870441742,0.0034190763876722485,0.003189666865637264,-0.01520347241557829,-0.008456257607576845,0.010857307396236138,-0.012665625756653753,0.027504381721882964,-0.0021511594613912166,-0.006290882128951125,-0.0027231809419845376,-0.009729794670761294,0.000864113297438962,0.005560526948102051,-0.013690406002751843,-0.004922716241708258,0.0010775341975204356,0.007821788638466387,0.01608854526602954,-0.006525883811946187,0.00248955258530259,-0.004777211290274863,0.010090413607031223,-0.0008625535701867193,-0.0044050817650713725,-0.00713020920920826,0.0061229027351146215,-0.00465010500192875,0.009439043440579553,-0.0009881565629257238,2.7014802071789745e-5,0.0022023411711415974,-0.007096476273545704,0.008399347408612812,0.008235576816332468,0.006786314422981832,0.003053153917335294,0.005020749993946083,0.0017435882298286742,-0.012536902791907778,0.004016476797914947,0.0047350996119348565,3.887261664203834e-5,-0.006447551364544779,-0.007150350834194796,0.0007382344790585194,-0.012171137554219058,-0.007039870251901448,-0.003594201072132819,0.0042465876267669955,0.005622667440547957,-0.0019359780100103308,0.09753085327122335,-0.0018641334047515556,0.005390026412896987,-0.0011954998377632364,0.009528156085252704,-0.0019700185057445196,-0.003268804960498528,0.039881428284388676,-0.00898624243291124,0.00038597623421310345,-0.029371802872447006,0.0020046735198775423,0.0001306452190874552,0.003278823693335653,-0.0045476601844711695,0.008093007512798067,0.008347052087628981,-0.014706418100786323,0.009030724871536222,-0.013100486001576428,-0.002221401487076946,-0.001677427103345508,0.0017902799895637145,-0.002588253631756743,-0.0013594506094136705,0.0032037159689934924,0.009401197444731224,0.037305699677745,-0.015973969575497904,0.002839052982380963,0.003658797023547322,-0.006904075191414449,0.01335953919988242,0.0002157135813831701,-0.005102768874166941,-0.004247537456762984,0.002370926421463082,0.012296083647925116,0.0023894652740636957,4.352895075498964e-5,-0.0033502340322684176,0.0028474615082814125,-0.019598840564185593,-0.007390781836875249,0.0018581118383735884,0.007467853989510331,0.010308318757779489,0.007992468547854514,0.019983140680778888,0.0003161644972351496,-0.00585357142790599,0.007444646740623284,0.014397354485481628,0.009950990956667738,0.027728596231554548,0.003156829488943913,0.0034857623431889806,-0.02191637165060456,-0.0019366248070582515,-0.008599883313308965,-0.005832184692280862,-0.0018432129199936753,-0.009569379808226586,0.005918548054978601,0.00017473074012741563,-0.002477357989050688,-0.005615325682470029,0.009837615059041127,0.004155364634868874,-0.024748005725314215,-0.08993995371656638,-0.0059002256821258925,-0.001506516358986687,-0.001679888538021146,0.0015445977226136165,-0.008689230248080548,0.0021982348428082332,-0.008290902542057665,-0.00894412601746808,-0.03359006205573678,0.005048716597571001,0.0036255265313229756,-0.0028568579828061047,-0.015537032847305454,-0.002161716047567097,-0.0018859151682590891,0.007277681161212968,0.011895152528268227,-0.01250746937103031,0.0011618714411270048,0.00693051014241064,0.0007350557259542256,-0.012689324154457893,0.015058627660152979,-0.006662951600674205,0.0033142604770546313,0.006935233442732169,0.0037968431320223317,-0.00402136638876982,0.0019155438249072176,0.01563680146864499,-0.003385025993338786,0.0003333947142891702,-0.004083611999703862,-0.0045714785525206025,0.003171549564513043,0.010298347109710448,0.0007000928526395,0.012939659975927498,-0.007043448917443129,0.037489840298803756,-0.002778213930014317,0.004553054960524605,0.0004688610397352022,0.0041935880487926624,0.014977974789076143,-0.0005356856549951772,0.00040840079009285546,-0.0008846540667626357,-0.024782185001186008,0.0011066607009979634,-0.000613568362496153,0.002152830872546474,-0.0013940215121692745,0.011833474318336812,0.00046343647454705206,0.04114634326947453,-0.014854718314836646,0.003885667575559637,0.00224921913735443,-0.0005019536401960067,-0.002463597256792127,0.004911460671053192,-0.0006279405824898276,-0.010658584904376767,0.0010792256507556885,0.006637006285018288,0.0008811602001514984,0.005596311806584708,0.017002234914798464,0.0038714291022188263,0.002880509459600944,0.0035917450242664017,0.012173130922974451,-6.690480199722515e-5,-0.007858061105707748,0.0026725723519120947,-0.006098865195326653,0.0037619811737386044,0.007643842739867068,0.09860230926892655,0.0005665568533004262,-0.010226089826801399,0.002019578028921387,-0.0017356641192236566,-0.007631402677361621,0.004109577914732654,0.02959519536670996,0.001977269224880729,0.002587014139862731,0.006828862657926038,-0.0025075219200516585,-0.003404537446215272,0.009423201430763584,-0.028136248761370553,-0.005687509466724805,-0.005376636372602661,-0.0039390135316352826,-0.0012748030926559295,0.006395239923222107,-0.0021181082450141275,-0.012957947221821087,0.022184625025147398,-0.010284825424605515,0.036094083516218234,-0.002063780619209865,-0.009866615044074933,-0.01902779376307251,0.0012176382697361987,0.004957657707564067,0.007559535752079682,-0.0039161638034102,-0.0586667831048544,0.002602748438675917,0.020825174886340392,-0.0020093236953471205,0.008451961398669994,0.004403683862733487,0.008465234996037907,-0.0020475040528253885,-0.005030421210904024,0.0031896000709821237,0.0031049930075823795,-0.008093827403172327,0.03352074224221724,-0.00024206411080740509,0.01151625213879015,0.007032620282188873,0.011807104961008008,0.007696743856286048,0.010490210580428538,0.0018409018111924524,0.007906358605623609,0.005797467625598074,0.00731428527569733,2.9427277695504017e-5,-0.0004709046879725065,-0.003221734710848523,0.0022745261558156926,-0.008901396483452118,-0.01643195778478912,0.010975069354572042,0.045292452439753106,-8.508761311531998e-6,6.116025910002897e-8,-4.4441034118491984e-5,2.9319385310699886e-5,0.006070817667641393,0.00026560908287365237,2.2139245110797123e-8,1.0399603213862019e-5,-3.2261240971998006e-6,-4.877975200157092e-7,-1.8003438893507417e-7,-0.04904817165174791,2.291622456845801e-9,0.00972538163352965,-2.707324843476133e-7,-1.0984668499247618e-5,3.487667139268069e-5,7.66300524333019e-5,-0.03958397405585856,-0.014606842775719997,0.00044806295045418665,-2.053913422628284e-5,-1.1864376347342498e-7,-1.8621957947884127e-7,-0.11531270882551325,-1.966265946173884e-7,-1.6672619772284403e-7,0.00016893004000984035,-0.0019555210513999555,1.9158872686109163e-6,3.3657676172180184e-8,0.00042776994268933777,0.0001443730127306253,1.5983923737535044e-9,-2.1818299900111526e-7,-2.1933501483939466e-6,-0.0006469515965363826,-0.00022620011172591603,-5.917866091387225e-6,-7.318322645488706e-5,4.921756175356451e-10,4.439707849447638e-8,4.644066368985657e-10,1.6510099243999266e-7,-6.055800083337726e-7,-0.0033984066235461796,-0.03455016468433314,-4.687142791226506e-6,-0.00045738453457033756,-4.041545616306763e-5,-1.9176127298570211e-7,9.223453708608054e-8,-3.8670888058423003e-7,0.004406264045428543,-0.11323825346789818,1.408465117425095e-6,2.2200057228638492e-7,-0.0017616448676562868,-9.246361035764039e-5,0.002917286258252716,-8.658662318250521e-7,-0.0005913109723678645,0.001168435761769615,-4.200986582492128e-7,-0.0002716214431472963,3.1402178012410187e-7,-6.338766113389571e-8,-0.00046690980070707155,6.067286600075494e-7,-7.103602718272484e-7,-0.001698654299843838,2.353693494816511e-5,-0.001899713703778616,-0.00021421538844634824,2.626807235270312e-9,2.3962065096583274e-5,8.075245353289517e-6,-1.0851321192162366e-6,1.0620206745276528e-9,0.028641061327334683,-6.236986614505113e-6,5.961140084309591e-5,-0.012906166979519185,1.1917226601099173e-6,-0.0005355511940479118,6.457324273900777e-8,6.449343401665995e-9,2.973504464875987e-7,-4.6214660470722535e-7,0.030196214678653632,4.100045696703303e-7,0.003494353645692172,8.48655052543279e-6,6.355036243688161e-6,-0.00025290546500400524,1.2356665135548894e-8,-0.0008767361905483995,9.467061341794647e-5,1.405600370363129e-9,2.3563291633643332e-9,-9.5333866280356e-5,1.3930664097272505e-7,-0.0007982280039726675,8.1014995267914e-9,3.64282836562424e-7,2.966392288273126e-9,-9.681718208809365e-7,3.804170690957509e-7,-1.818824356547566e-5,-0.005659719142386166,4.553181824906716e-7,-1.006368823830428e-6,-0.00022026107025396868,-5.752641133049963e-5,0.00046167548907760647,-3.770307577699583e-5,1.2887758968349594e-7,-4.570992076402547e-6,-6.951818990330594e-5,1.8861967552435965e-7,1.312008906118739e-8,1.5121437542120475e-6,3.7092338870531316e-8,-3.3050906371734357e-6,-0.00025847335192352716,6.366769375598658e-9,1.9132339569294388e-6,-1.3584389104703831e-6,1.1938712567161058e-7,2.7945034844378824e-5,-0.018071229578481507,-0.0027601805354606768,-5.468228810034947e-7,-1.977660446308982e-7,1.2572465096999733e-9,1.1768643615739371e-6,-1.1348395378973919e-5,-0.0013819302198498917,0.00025216611103218156,5.116743394435741e-9,0.022902488515455843,-7.863621844084179e-5,-0.0007597090238959936,-4.1899408820961215e-8,4.75204159019766e-9,-0.00018323043083379176,-1.1694493530847727e-7,5.47868715061739e-7,5.431425346101842e-10,-4.2710525402611665e-5,-2.761570229825594e-6,6.397545444514208e-6,-0.00048067083105252095,3.5415178879436016e-7,1.5664709603242788e-9,-0.0009197054307108488,-1.7459408350628536e-5,4.745476892775713e-6,-0.0022655304571799206,6.037307212589538e-10,7.423118218198577e-8,2.8891508178918723e-9,3.5613757236596655e-6,-8.053440658101207e-8,8.910432040543093e-7,7.872851860366015e-8,-5.71685975225833e-8,-7.816683619821241e-7,4.44813070910044e-6,-0.005715199275073246,6.902388344047494e-9,5.566925035394021e-7,-1.0453606202887045e-8,4.374298048404057e-5,-7.336929458423569e-8,-0.015888515306869522,-3.2458143200964074e-8,0.001826322155153548,2.3574783544755284e-7,0.0002517322962489743,0.03939960859679559,1.4714825277373222e-5,4.977200624214917e-8,-0.0001989026314390685,-8.010355290188897e-7,-9.535437117680345e-8,-0.00018616587115558025,1.389905663184976e-5,0.0031933244990796084,2.8290463911393934e-10,-0.0012534457963511159,4.15154301869336e-5,-1.7672063801654758e-5,-0.0010132750799130008,9.688995575629633e-5,-2.6345406531902427e-5,-6.297346450967467e-7,-1.2098444717723034e-6,-0.007698499981415807,1.745428106283975e-6,-1.816670495136119e-5,1.4196687788507745e-6,-4.9197916639903694e-8,1.3603449893623276e-7,3.5605978258032925e-9,-0.00099747990287824,4.567757326157107e-6,-1.338726546618041e-6,-6.94017628397603e-5,4.496269647661505e-8,2.618919095098704e-5,0.0019899286216968903,-0.01284708335151663,1.4076824849523772e-7,1.7123433868060367e-7,-0.03038556008505111,9.05142163620809e-6,-4.59334059677019e-9,-6.634258581036945e-8,0.0003054357438259103,9.063213554216104e-9,0.00016799367352859917,6.4711457734567546e-6,1.1132693346609795e-8,-7.550150958879343e-7,1.0779853255371563e-5,0.034074604176566936,5.2186238792134576e-8,2.3290302486600467e-7,-1.0295182182762375e-5,-1.219569590205083e-6,-0.00033829511136929113,-0.00032030275303895905,1.2535096523436096e-5,4.599122239934417e-6,-1.3812612772307054e-7,-8.560844332983208e-6,4.924769943315255e-5,-1.5306141729620748e-6,-4.54386775518012e-5,2.482785503321594e-5,-5.427076097491712e-5,2.212782933706174e-10,-0.026422122344229138,-3.538679321901661e-6,1.0407491630114694e-9,0.002476175367974065,-6.238635340272136e-7,-0.0008984566060519228,0.009979403301713319,-3.5459214977606734e-6,-0.0004521844932696695,0.0004493677538448537,0.0008481862942062435,-0.0015093879244432173,0.0011112260563095333,-0.0005570028747570177,-3.4910014665712197e-6,-6.639784456974329e-8,0.005767206256678037,-0.0007875863613691081,-4.980629302320239e-6,-1.0238766071091199e-7,2.2963572772916746e-9,-2.4277757387780596e-7,0.04311628794857825,1.5035574750868475e-7,-2.446349459950259e-7,-2.1278800710344825e-7,4.302318448390352e-6,4.425589338552527e-6,-7.579414085157055e-5,5.390652851877675e-8,5.2527032146088e-6,3.053389157725399e-10,1.0706641688784657e-6,0.020954851283022435,0.0005574580923735084,0.0007125011957214156,3.7691678830137354e-7,0.0003513610170280401,-5.126183842918408e-5,1.7572150926015162e-7,-3.1665361953647775e-6,1.5848219295233612e-7,-3.539363473192836e-6,6.641084205755154e-7,-5.894737594136501e-5,-2.593535800343716e-5,-0.0003922299362670856,2.4116617178965294e-8,-0.020196820980345365,1.3782626982414281e-8,-0.001012067320971255,-1.0313671268136204e-5,-7.968924498752417e-8,-1.0320239121952568e-5,2.691593556369831e-7,-1.8616728310938413e-5,8.436969422653817e-6,-2.533689025252528e-6,0.004412439078180341,2.6675714699664343e-8,2.3314776147032035e-5,-0.0046235779359449225,3.02369943458447e-8,-1.4601460848057135e-7,0.022013366509781918,2.3864604267842537e-5,0.0014314708744223026,-1.18075976496268e-7,0.00039562688357364095,-0.0018748731262689944,-4.297064167380071e-6,1.3292140228493565e-6,-2.7085532462223227e-5,0.008560319244679704,3.4701382590540675e-5,1.4780758967880558e-6,-0.00038038007914309446,-2.0161137687324526e-5,1.4390768021677047e-9,2.5389787650792472e-9,4.099896453065022e-8,2.5098820731830895e-8,0.007060184961119376,-0.00040487125579602434,-0.0010000755115697757,7.112003943987588e-6,2.970750398907651e-7,0.02952865552970252,1.4344181951606028e-8,1.6367398014804913e-5,8.225940086958872e-5,-9.01850035006646e-5,1.8583264620453122e-6,-1.8535093354588028e-7,3.0532926187376574e-8,4.945683741652829e-6,3.239786336983741e-7,1.7659916447601565e-8,0.02657879809885344,1.2430453033541143e-9,-2.3819516776768523e-6,-2.4597116003999275e-6,-3.8025767370442054e-6,0.000538685559604346,5.419020885710779e-5,2.367865583469131e-8,0.040999753609867184,-1.8760713667020923e-6,2.554855999773332e-9,-6.287244273643633e-8,-0.0017034387476542179,-2.4875227516707454e-7,-3.856681007274876e-6,-6.728080181872542e-8,0.08579463288788247,-0.0033955797534872545,3.6981974621541625e-7,-2.9054560772845406e-6,0.0007616375503403106,-2.0585774564096937e-5,1.0854372452934191e-8,5.0863250292132456e-8,9.76954343725328e-9,-0.05115287964690651,-1.9969576223188845e-7,2.1368432925883418e-8,7.6932364727611e-5,4.294234254482738e-10,-7.329858915383625e-6,-1.18614470210332e-5,1.150899893964663e-5,0.004231411649016081,-0.002014122118907835,8.605442887790749e-8,-8.706194905006015e-7,1.87460613600976e-5,1.3335142172356956e-9,-0.0010663986456052044,-6.672952734931847e-6,-1.2009930916434541e-5,2.1855321881147916e-5,3.686094542879742e-9,2.782656877142742e-6,-4.89978731792462e-5,2.576802824285143e-9,-4.1979684020532204e-5,-0.0005501976443156309,3.6487137058394126e-6,0.032780957237264374,2.4986515776564966e-8,3.302394857573887e-9,-0.00040862078731151996,2.6527019730132606e-7,-7.930143138601409e-6,7.376789761792679e-5,5.094115381257258e-10,-0.0035621610240923474,2.287117685113838e-10,5.5717302082855524e-9,-7.826498887197886e-6,-4.457603019147882e-6,0.003503225038457458,2.7293504070019514e-7,-3.816667975775623e-6,-2.3265771162961357e-6,-3.704467086862451e-5,8.676514093308718e-8,1.7113364754184346e-6,-0.012700284758466296,-0.00016461077431628723,1.2930380792752771e-6,-2.353432690740953e-8,6.585355855209807e-6,-1.2588170630323248e-5,-8.392578174643006e-7,0.12125922798077227,-0.0222497866689082,-4.603650438639306e-8,3.068166228442637e-7,5.894152900129401e-8,-1.5613469597774987e-6,4.886316425480389e-9,5.8808924812137064e-6,8.005521516452063e-5,-2.731044010495509e-5,2.7200866825616288e-6,0.017720818325869914,0.010993315059749875,-0.020129971456299245,1.3374455476704988e-8,3.9050228579640134e-5,7.229105399630953e-6,-5.003952801008182e-7,-0.004802219144153241,-0.0007416958056865042,2.078293586792873e-8,-3.7012856882512324e-5,-0.00023512731721098135,0.002358412707565094,-2.6001430942557135e-5,-0.02024946438268671,-0.0008026617197174346,-1.8663081402081616e-5,-1.2555745796359596e-9,6.071846009108543e-10,-0.014840765521512367,1.708118331769301e-7,2.0504037016974737e-9,-5.988395999911855e-8,1.6825012502330594e-5,8.321865858224031e-8,-0.03709892965889594,-0.00025116917817058493,1.889791110443184e-5,3.9381402685556566e-6,-3.129705586957243e-5,8.205452516119038e-6,2.17783814826511e-6,2.01893608817727e-5,-9.050601882165665e-5,-0.053839488136873115,-0.010892378930520863,7.186549021154232e-7,-2.633377862437669e-7,7.043741630935463e-8,1.6171195942049632e-7,-6.651880865571336e-8,6.0840417596352836e-5,-0.001135290156071278,-0.0068936628795199795,-6.0441550289169754e-6,4.0645536220074163e-7,1.5983784553696978e-6,-0.0004737341727434341,1.90418170925577e-7,-0.00013814916147936174,-0.06362797871361181,-2.6368798192177856e-7,1.2698966612642582e-7,1.8564276377253108e-7,-1.4393552916658336e-5,-1.8077382891945604e-5,2.1098692613463754e-5,1.9946037201012956e-5,-3.3030336901718194e-7,0.0023368274834183467,4.94872635405097e-9,-0.0002220681055860041,7.29856312275956e-7,-6.445290732237652e-6,-0.0032700480639960006,-1.0257039441796678e-5,5.617337783814236e-8,-1.7761658815951265e-7,2.7348668120430464e-7,-4.81382373684891e-7,-2.659490089707006e-6,-8.120573313341595e-6,-8.128441434251954e-5,2.706266944318969e-6,-0.0003570244781059273,5.52542129134137e-8,3.493287635200626e-8,-0.0005871877456229413,4.9377935964489694e-6,-6.417420986792877e-5,-3.178159432570826e-7,-0.0001470258258677859,-0.03570641619990056,-1.4371189084982916e-5,-1.0808390341898733e-6,1.4051176894236406e-7,-0.005803626875604095,-0.02574180248484481,9.22099460210022e-10,-4.1809644305002003e-7,-3.2844077488825008e-6,-0.0032906583255680744,1.9772463339361168e-8,6.201692122516367e-9,-5.664176268918575e-7,0.0006036398470463666,-0.000987748785007625,9.806121745725704e-6,5.931721196519857e-8,-8.386723041819977e-6,-8.429496292094996e-7,0.007635459808454925,4.481242149800835e-6,-0.0016590489599366265,9.864743275543597e-8,3.22923431911315e-7,5.428953296030686e-9,1.0120000029367748e-6,0.04759430450030777,1.6288101623712636e-7,-0.00019960355115244965,4.316981402108233e-5,-0.011643403744528769,1.2318688548396128e-7,3.96428765196688e-8,4.185014948338006e-7,-1.2109232028212347e-7,-0.0006100604658598741,-6.85053235605082e-6,4.6186435806103154e-7,-0.007157392912858995,4.4023236789314524e-5,-1.0916802835603256e-6,8.478670899050855e-9,4.345781209891264e-7,5.504849046435514e-9,-0.009648068555179634,3.351347815616634e-5,-2.399315575773997e-6,-1.698450419109626e-8,-4.168296127016191e-5,7.641932390334283e-6,-5.229345182211631e-6,-1.794389661835538e-5,-6.31023737724945e-5,1.4642091011318747e-6,-0.02178494510553719,-4.26783277962528e-6,0.0004660615561533632,4.13275549471237e-6,1.7183030067258187e-5,-2.1522472453128216e-6,0.040750098457465356,-3.735995422271543e-5,1.2762990556636211e-6,-0.00026633312185708746,-3.384646741722008e-5,3.526201889092473e-7,-0.0002721629170991946,-0.00037014930026657566,-0.00038361499923667,2.4051723568341288e-5,0.0001714230128300187,-2.1215518626327423e-6,0.000665170791194214,-8.411565572785662e-5,0.004394975407194579,-3.5036625311235525e-5,-3.637754070195953e-7,1.5310249557032307e-5,-2.6295947577748e-7,-8.459029783303151e-7,0.01200287444407877,-2.524292568395481e-5,3.0285413621378154e-5,-5.0417403821279017e-8,4.897559526284567e-5,-0.0036910741305291594,-0.002797221924254245,-6.518491859619502e-7,-0.00043147236291929403,0.0002421325586965395,0.012168605757324258,3.715300790352316e-7,-0.0009967599814899586,0.034345353400567546,4.420670257805626e-9,0.000536758633202794,9.934974106416694e-10,1.52038193423909e-8,-2.292719732466253e-5,0.0200856681217374,-4.861599783412274e-6,-2.250303470993642e-7,1.5766252119391727e-8,-2.444324915529261e-7,-0.008217725264785258,-0.013216985118560842,0.0020583287617910173,6.592602483479482e-6,-0.014095162777095993,-3.2491144473789646e-6,2.6699979198685497e-6,9.528360526189772e-5,0.002397438576736022,3.3841032727813247e-9,1.934559130578606e-5,0.0004563736741829416,5.389276205199078e-7,2.0406929539251717e-7,3.1622695914279575e-5,-2.0173843845228134e-5,-2.572753846907805e-7,-2.693981330459394e-6,-0.0011835035870717547,-0.00010868319761669909,-0.00016775596970397544,-4.8460557028562334e-5,-8.956785790825705e-8,1.0056884779466313e-7,0.00176907527657022,1.4404250099353533e-6,3.0147663011848014e-10,-2.3649123312430298e-7,0.011942581197217805,1.4360538379276644e-7,-6.807758222748816e-5,2.0531378153165747e-7,4.931547379835588e-8,-7.48019972718339e-6,0.00011241938870298895,-0.0035329551049017027,-2.2480165839944277e-8,5.486141283483903e-5,-5.525647833515279e-6,0.0003183577068739396,2.7867744807749326e-9,0.0008419137301416413,0.0009321295819972875,5.620681915452508e-6,1.507261294664275e-6,1.4067749283183661e-9,-4.23655226344799e-6,-0.0001355663599156287,1.580063480721705e-6,1.1414725278532933e-7,-9.666249387052517e-5,0.0014555438188779135,0.003018622276840688,-1.5221854724245532e-5,5.997597956469702e-10,6.171150987221985e-6,6.912720171614595e-6,-0.004054093902595923,-3.376366124641095e-5,1.598132014710152e-7,0.00014993934604490278,0.0050896557672786,0.008070308989260866,-9.727577403306764e-9,7.4744930045334e-6,-0.014149052111861238,-0.004556525555017288,3.213506395980878e-6,-5.486617824246309e-5,7.348830196318712e-7,3.320120187311204e-5,5.019240696354545e-9,-0.0010117823379687252,-1.4999680232108403e-5,0.0023081198070956654,0.0003933001834184324,4.5308455376424916e-8,-4.220327288706471e-5,-4.721930175310973e-6,1.6754267277360735e-8,-0.0007695641959202248,1.535295468713116e-5,7.958172530686536e-8,-0.00022618758231374159,4.0417736834469364e-8,2.962963729187182e-9,-3.619914874697372e-5,3.6255369542104177e-6,-0.00022174936307806092,1.2969089876024853e-5,-0.0034114687969122315,-4.8436247510608155e-6,-0.006923779207454572,-0.018712384477566957,4.5098499677764803e-7,-4.063900069933846e-8,0.03022228559711948,0.012389193559556588,9.000472780940072e-5,-1.3150176163989613e-5,5.087540261576769e-10,1.8877886018842105e-6,-2.9865817520402516e-5,5.711415736533998e-8,-1.96163628785051e-6,5.452041428810617e-5,1.5328300142364304e-7,2.655597260703413e-7,1.5761488226240239e-6,-3.4969054530265e-5,5.7357547503245065e-8,-2.9706754194336327e-5,5.088038969314201e-7,-6.444453311826859e-7,0.009175651422992814,-7.506757675024289e-6,4.941944760616934e-5,-0.00349149698945439,9.600630293538082e-7,-1.9974754376581028e-8,-1.5841051926798744e-8,0.048060177907245816,-0.00019777830664224894,1.2938609193595407e-7,8.218144070815114e-7,-3.641924329556012e-6,4.087444831907261e-7,-3.6330676626838976e-9,3.6386055134174367e-8,1.7686590076948505e-6,1.405938958656816e-8,0.022908811472007073,2.7115168450109195e-5,2.2090027573806736e-6,-2.4733239989416234e-5,1.477703661582723e-9,-5.4309359514004285e-6,-0.00013530736573841295,2.662713716773679e-7,-0.00025791299076161067,0.03522198826249223,1.6484921058657065e-5,-8.538833581872574e-8,-0.004564184939226834,-0.0025433056471229065,-0.00020716295375677873,1.5445687373549788e-7,1.988193182034248e-6,-5.680490080539613e-7,8.048848368358286e-8,-0.0013841825766576221,-1.6683201100806122e-7,0.0011164011411892716,0.0024400608344876673,-0.0001853422903188573,-0.000877607005122627,4.3029612761813496e-5,3.9678665492148824e-7,1.3643968837769374e-10,1.1530316828493176e-8,-6.434555833642608e-8,2.1485157107870023e-6,-4.570461472480636e-8,-0.00015587941379635595,5.303280273152682e-10,-2.6988264586691457e-5,3.988268847976428e-5,-0.0003143624675372436,-0.0038653197923395055,-0.00025159665685237087,0.00014764827665203484,1.0700274404051337e-9,-0.0010220048141036386,-9.026483107987815e-5,-2.7987508584986776e-7,-2.9023136178807363e-5,-0.002627405158818874,-5.750080971367311e-6,-0.00032734432795678003,2.4899594304808592e-8,-4.818982991761089e-6,-7.302658841901177e-5,1.1222536134836147e-6,6.976805355662918e-8,-1.1537351833623699e-7,-0.0005846103433668759,1.746460801088645e-6,-1.8956767666722385e-7,0.00376745830976688,-0.0002429987522987176,-0.00016133793446471145,1.6432214842154735e-5,1.1268677243755909e-7,0.035529601787857246,-3.85995971338704e-7,7.882721957813699e-9,-2.838386783110547e-7,-0.0015097902960405918,-2.2812110853087653e-8,0.000528097619962864,5.319670617343064e-6,-3.8419749448515006e-7,0.009615669298455032,-1.756958814658205e-6,4.3673416087131045e-5,0.0006101167859924317,-6.242459966188108e-5,-0.00029990545954206027,-1.0028209558310408e-6,-0.0011496784413793648,-0.0017179040280552726,-1.128828583474295e-5,1.2719246783327726e-7,-0.08502931749671916,7.018049238283197e-5,-7.677347415224745e-5,2.170409018731334e-6,0.0055518420581393,4.91976220623469e-7,-1.048623361754597e-7,2.8893099061292477e-9,-4.15182890733945e-5,-0.00018304954252812422,3.792057441925206e-9,0.14364392498828238,0.013459828843679134,-3.913566666469137e-5,0.0013554390181127474,0.030504477941576624,-7.676722140415038e-6,-2.6181759006038696e-5,0.0008833343683818384,-1.70187777892572e-6,3.933562333117372e-8,-0.021133551828825148,-0.0010659054461257256,-1.3202993169869615e-6,-3.890618119450906e-6,2.860637469837002e-5,-8.381883255026423e-5,3.501611955947226e-6,-5.153262945950532e-7,9.828174033616431e-10,-1.7480038554118504e-7,0.037443015668031876,-0.006963960240682354,4.902130994910436e-6,-0.0005807408525413393,1.6943495145804732e-6,4.670264728057205e-6,-6.119771997666057e-8,2.0260076175060426e-7,-2.912703331000091e-8,-0.0032261867632996655,-0.0010075789661243562,4.5471493124379925e-6,-5.408888079827534e-5,-4.4401087140322204e-7,0.0446887896177941,-3.359692167914652e-6,1.5882610274742248e-6,0.001603035980963341,-1.2956013680301415e-8,-9.844514071988275e-8,-1.8086655334759172e-5,-0.013588185063781566,2.833929882618434e-10,2.3492600546327902e-8,2.1521552911649665e-9,7.717131533802046e-6,-0.0003262530158387733,-6.873558221798248e-5,-0.002529886679894844,3.56908910472244e-7,8.482972093434155e-9,-0.008027790517644462,-6.09460730771616e-7,1.298766576507404e-7,4.877122856961069e-8,1.6392629085745791e-9,3.149251585377044e-5,1.1386785708111802e-5,0.011454373228957593,2.122344238042473e-5,-0.00038325702541897044,-3.2932673804664248e-6,-0.00015824259867791568,6.790120547772727e-8,7.439281180660062e-8,-2.334083746280413e-5,0.00013220836297023197,5.166830822034285e-5,7.660587819202647e-6,-8.238380977410031e-7,-0.0012303482074003114,2.2183218203325472e-8,7.139199006273023e-10,-4.4257520945972795e-6,7.129075454415101e-7,-1.0452639354951998e-5,0.019341572535267915,0.0005428924041552818,1.2645916164059912e-7,-0.0003393794663679728,2.228603967813214e-6,4.318755887133818e-6,-7.969574109673028e-8,-0.00023613838374814122,8.764913361888806e-10,-1.7807609424380644e-5,4.2820905553853095e-5,0.003285976114057121,0.1405641234741779,-1.7627043642498563e-6,-0.0002846708765105177,0.010588461095267121,6.986953143654773e-9,-0.24069652116668294,-0.0004238796063305017,1.0120364368460064e-5,0.0028217423869136837,7.005119614152816e-9,-0.0002404439589724916,-5.362509952200334e-7,-5.756632196624034e-8,0.01899151230645657,0.0028564796139107784,-3.6987409857136555e-8,1.7863402644591186e-7,-3.8138136038146087e-8,-0.008317541729866207,9.20291846924215e-5,4.766761759356086e-5,3.712351037471126e-11,0.037964733928220085,-1.971665470890116e-5,-0.0002653187701540105,-1.9652941998099527e-7,0.03557861961598974,-2.3174823048088822e-7,-6.137727335923937e-8,-1.2886810026202511e-5,-0.0004203780697764614,-0.00022094758965351957,0.018798302236064046,8.636183015248156e-9,4.2626884326490977e-7,1.8672237991554375e-7,-0.0027590319396040286,2.460576911289536e-5,-1.316511680782284e-6,0.00811015690487693,0.002529140103433747,0.0013243088344552234,6.255857578144064e-8,-3.0834525951206615e-5,5.5628126272022627e-8,-8.612553295261893e-7,-0.0008397298001909803,-1.5014733644846956e-5,-0.009657068738306407,-8.057057622323782e-5,-0.000271628936786783,-6.168274756579439e-6,6.245039378205766e-10,4.9403822469616665e-9,5.117703932161488e-7,-9.938067636189318e-8,-0.09411238669963495,-4.698705465822073e-7,1.488080404565828e-6,0.009317340315647016,-0.0013120398587034288,-0.013285376377098146,6.309148314187496e-5,0.0009852109988059965,1.210206678692316e-5,9.211820477528221e-7,-0.15226861093833577,-3.573413149204896e-5,5.96025811319123e-5,2.8501420846538394e-5,8.368478929959844e-8,3.064436679151711e-8,-0.0002805057416708223,1.1351057838896589e-9,0.015867239966610214,-1.943115552460739e-6,1.7035189484081517e-9,-1.0391544750243398e-6,-0.0006891346194493053,-1.1344274570834756e-6,-6.35015898892144e-8,-0.0021607979106192943,0.0020367169090604875,2.276128525068033e-8,9.930171868122173e-8,4.7918348997200155e-5,-0.0010851495775199282,4.2944808676184665e-8,6.614460586890081e-7,4.34016592265607e-6,1.6309676173411475e-8,-0.029358478393987752,-4.4808494775949725e-5,-0.0004531947489851973,1.006491882026006e-10,3.7940530293045782e-6,6.6856744209819324e-9,0.011860035048925965,0.062300464320287574,1.0484831489132596e-8,0.0001742941735756176,2.4053148394483775e-9,-3.4672073532249215e-6,7.882310477924648e-5,-1.1030164316638835e-7,1.7958014567574787e-8,1.417303734319031e-6,-1.0115415932654415e-6,-3.265406805930127e-5,-0.002345005875923789,0.00018110264392134923,-1.1827999051305937e-5,6.325811664309282e-10,-0.0022916955913387937,-4.6006720033631154e-5,-0.000680047807406936,9.322329819205777e-7,2.4109692522422677e-6,-7.51696780092459e-5,5.335851814791681e-5,-1.241696569176387e-7,7.541395621757374e-6,-0.018514547590712027,-2.5659733260408046e-7,3.1123187803280827e-6,-2.8194384411595053e-6,6.902535160113743e-8,0.0006837672582378218,-0.005343808993984567,0.0021703959579326693,-9.277589772815897e-8,0.026204316641269543,9.69099000266288e-10,1.2036638061588799e-9,-0.003464572922894149,2.666597863587583e-5,6.485044636406201e-6,5.755801704178387e-9,0.00042986281710000185,3.08160742865278e-9,-1.611461008010906e-5,-3.2749511806429155e-5,7.831363970940003e-10,-1.234092873714232e-5,-0.0005754953266432494,7.398771642238861e-8,-1.5067468848994903e-7,3.127360805432744e-5,2.6179586035013358e-5,5.590517195563915e-7,5.009624478580221e-6,-1.4237362845559431e-5,-9.229715023195695e-5,-3.8099516756762153e-7,-0.005829731862831977,-5.1712551680793695e-6,4.858837962196105e-6,-0.0002767638677596551,0.040954532218165696,-0.0019641177477751626,0.15272413191269152,0.006111142023428329,9.064905024096931e-9,-0.00023913013786369675,0.00036065730989776057,1.3617912191676851e-5,3.381492161801114e-9,0.030174347098181897,1.1557032901787778e-5,1.224383677847496e-7,7.901048335013337e-10,2.68029642613854e-6,-0.0016921593962706538,0.07357067280236151,0.030901638891009497,0.00011041534753530868,3.876527814097863e-7,1.812661373779001e-8,6.00299465301421e-10,2.7753736642210924e-5,-0.0007759489208183368,2.4331394910329096e-7,-0.02490155347095424,-9.721094562653576e-7,0.0006427658645407064,3.056544515822601e-7,2.0950570068123398e-5,0.0249028020100468,4.6628240074619853e-7,-3.68554151481959e-5,0.00010620739236344434,-0.0005124261667361907,-1.2958931015383257e-5,0.0002640250787067089,1.86182983526878e-8,-1.2245089939244558e-6,-0.0004621479911293136,3.3981147536388256e-6,0.00072924617938952,2.0887584289150732e-10,-7.562881239486785e-6,1.4219221739723148e-9,7.840914459489312e-6,-0.06479998040595092,-6.13150197477097e-5,-0.00013207239688561856,3.991102317559003e-9,1.5266049587653319e-9,-4.3102516618376274e-7,1.1122724307366383e-5,4.338461342956457e-8,-0.00031176230507412583,-0.00035964324615633814,0.0021357553308689603,-0.0006674133217074996,-2.0772421683787345e-8,-9.642669130949244e-7,-8.74193223782127e-8,0.0023746568358546938,0.00036004352517693405,-1.2204544840369036e-7,0.02437381408708461,-8.914869072951248e-7,0.0004824666121407972,0.0004157245643909846,0.0156676962691904,-4.593259234297875e-6,-0.0025530222428642446,2.923324685100148e-7,-0.000658004809480417,1.1329493347167832e-9,-1.1049801762805624e-7,-1.3567656073631973e-7,-0.0011045852832012315,-0.00022488715023882833,1.1174821927251166e-6,0.00022762682900889786,2.0530436390386875e-6,1.0969078992340009e-7,8.399642438816635e-7,-0.0024560672391658045,-0.0016334303936673678,5.030598054034385e-5,-0.0075864576433559705,6.64668335019318e-10,2.0657255589418e-6,3.3577398942004344e-8,0.063508485867942,-5.045047577478812e-5,1.2630501079691214e-5,2.795672285902176e-9,-0.001203748364787316,-0.04999388733995147,4.9825616854626276e-6,-0.0006128658095150286,7.194697419776741e-8,0.14898430049288436,-1.823700228886782e-7,3.651210723348841e-7,-0.00013760469337853465,-2.6500787869698783e-8,0.0005255962365140476,3.908267416363742e-7,2.903634325956972e-5,0.005638301911005783,-4.785480236080275e-5,0.0005926538058247388,4.778189179877046e-7,7.777300312008378e-10,1.8568291219921498e-9,1.0939776215121433e-8,2.974285940628152e-8,8.314527277786254e-7,0.007782293787386152,0.0308345977900899,0.00892274857233133,1.2935312895479001e-5,-3.882877018523967e-7,0.00013871560980760478,1.7272551743052755e-8,-0.00017115968090308797,-3.21985038880257e-5,0.020915855091516278,-0.0014302728106372342,0.000762574840734942,-3.12990733206675e-5,-4.8957161485674305e-5,0.044195020498591475,6.985176718293795e-8,-0.003432349758440978,0.08573477395111695,-0.0001932716477881513,-0.0008998510193123366,6.249008167813486e-5,2.1495719434039967e-9,-0.06837118564726552,-0.016714090517780278,-1.5713412885531852e-5,-6.445180106631754e-8,-0.00023340967641161114,-0.000628002468371136,-0.005110697983582213,-4.279163895004601e-6,0.002511014463379979,0.00198443088811473,-1.1692865954704423e-5,-4.3113974740549565e-5,8.23775009447733e-9,8.328400140486438e-10,-3.384646984727624e-5,0.0022442683239205508,0.00012050116952266876,-0.0003583217636933256,-0.00010810814833739357,-0.0002485473752926737,-4.302670954192678e-6,-6.209395073675239e-7,2.2737474278944347e-6,0.0006991062391534797,1.007097303329374e-7,-6.069996070579009e-5,1.3738075155533824e-6,-2.4857250410098564e-7,0.013677148160240904,0.00445410877773611,9.096454986479152e-8,0.001411684060258267,2.8902055473293414e-9,2.0589047328850585e-7,7.461042073941826e-6,-4.854102290952067e-8,-0.0006601293043786427,-1.5964200435203413e-7,-2.979377159047225e-8,1.8375046703766884e-5,5.490694405807517e-5,1.92092341013729e-9,0.0277724756160751,-3.189239673939692e-5,-1.985224486400483e-5,-0.010055845637907623,-0.00030514885574461914,3.813957397472145e-8,-6.93767689980973e-5,-1.3490241585790985e-7,-7.914575076028996e-5,1.0450569845332769e-6,-0.0004556095882435329,-0.0035602693808414188,7.028435484279782e-5,-0.0008243401473464473,0.00016152412365499913,-5.440548103349818e-8,-1.57493454511215e-6,-5.498692622618595e-7,1.9027230735435552e-8,-0.02024908215389587,-1.759512167631705e-7,-1.6090237770632898e-8,-7.233900657865888e-5,-0.00013540184828997326,-4.249369506444112e-8,-5.350787293800785e-8,-2.7132518204409095e-7,5.649481735203743e-8,-0.0007673122215692274,-9.800417112848514e-7,1.4244487904751385e-9,-0.015890238399151713,-7.167105767029447e-8,1.9338387009071312e-5,-6.529132249855074e-7,6.606867596959699e-10,-2.1400825112039e-6,-1.3822804165730673e-6,-0.00022937087919672194,-7.765218583699607e-6,4.45760152071456e-8,1.7134905150317792e-7,-0.00520672412312706,7.025715994006185e-9,3.7776975013448233e-7,1.1479824428839436e-6,2.4027342942524454e-8,-1.0660355367342333e-6,-3.7037948354134986e-7,-5.948880103801013e-7,1.1148528193585111e-7,-0.030358827469171956,-1.0934636063414382e-6,2.6442183811425934e-5,3.39582730945337e-8,8.377323326702601e-8,-6.054512520330124e-8,0.00024000614439501078,1.1785467798758331e-6,7.857581882896036e-9,-1.5335153891182784e-6,0.0003356290492320113,-5.401696497875363e-7,0.004597673681928427,-0.0002791568047371129,4.1377033085845255e-8,3.575666412558576e-5,3.540156169471245e-8,1.1186171636201614e-7,3.1052355562444234e-6,0.011589594621909782,-0.0010354002077974656,-3.0354727690307115e-6,-0.00027885948134098726,3.260821510378542e-8,-0.0032114146524691023,-1.1001080716610545e-5,6.109908157014843e-5,0.010478484837221913,0.0009077834820345743,5.480109009671497e-7,-4.222539025378058e-8,-2.8026584252494047e-5,0.00036760699777005357,-4.2974273583240574e-5,-3.0045733517142237e-7,-2.5722256557364487e-7,-0.0017816266777117562,-4.654228253642145e-5,-5.749692085776914e-7,-0.005047566010034643,-0.003921441088095889,-0.000756039858520019,-4.448985976068798e-6,3.0016631825946494e-7,1.2137238831338992e-7,0.00040135488961823285,3.79486838255616e-5,0.007672286659726524,-4.507677554554945e-7,0.00021189142864841415,-0.0010408366742922226,-1.5478607912067233e-6,-5.8766131058596294e-8,-5.493933992184452e-7,-4.1601551520331626e-7,1.744515070889463e-5,-5.314122583643943e-8,-0.004437920108102844,0.03350817653699778,-0.00011730011490840297,-4.877162615088415e-8,4.3601042016838676e-5,-0.00016960496407136816,2.9187143455941533e-7,2.534586189203731e-10,-0.003017249522599741,-6.709681703398473e-5,6.208267634422171e-7,0.0003761917392921532,-3.283339640725025e-7,0.0028625506656680955,-8.650269944787681e-8,-0.0004181281915407453,-0.00023767785995687518,6.647492196195509e-8,6.701753935828281e-8,-1.7157007229928745e-6,1.3117496262815553e-8,2.2065025275658234e-9,-0.0018507154018152505,-6.734482375925221e-8,-1.9513857873576512e-5,-6.9493583398916314e-6,-2.121235906615837e-5,0.00038033456075936556,5.0708185743366e-10,-0.0024612315141894214,2.5416706482539464e-9,7.289535030458039e-8,0.00021687172812789868,9.37032895937176e-10,-2.3712643717033188e-5,1.2286690715410456e-8,2.343150948876799e-10,3.2606411601125707e-8,3.841543976534911e-6,0.010852245715796016,-0.0011272237352386583,4.462689571826939e-6,1.8372369246788534e-7,4.348529215292274e-5,-0.003742351300388691,-1.9809671609083424e-5,0.014100485946983099
0.015230403912028123,-0.0024385048327530967,-0.01605191384351201,-0.007487605295864341,-0.008995879098620208,-0.0052909656124029425,0.0019576730010157917,0.01396150828259124,0.00333317989088755,0.0006252547559597588,0.020416887640749337,-0.014321607579404372,0.06460334412849988,0.003477913334791083,0.001162226380984066,0.01054551678680582,0.003752587080043668,0.005741990731621627,-0.005705947562091751,-0.034161169126946334,-0.014376459405866626,-0.028337703076772414,0.002480259108779137,0.06632763531342789,0.003736348450274818,-0.0016567172870054492,0.0862478707936134,-0.010123027910594828,0.023728313661990796,0.00032800977828628675,0.002997004741700948,0.031243414640584888,-0.011019775361091888,0.014872760245907557,0.02435998242071946,0.007125163432647241,-0.0023410565381709603,0.010869928592001088,0.00229942595706234,-0.003957990916205745,-0.00039774804531589325,-0.010083653900437639,0.0005051098887633998,-9.027240594150499e-5,0.005922836271111009,0.002495058745580536,-0.000333126157784136,0.09654426600218358,0.003363975815886988,0.009317676102455152,-0.0008606585988673032,0.019550689729840087,-0.003049666049264488,-0.014992605011229898,0.0047193342038553965,-0.013858334727046895,0.0051351852426932965,-0.0016841685412600782,-0.0526693024130509,-0.005720397395634791,0.005706798570599858,-0.0025453489889173397,-0.015997027144749154,-0.00396244303919957,-0.0073106415120491874,-0.009826831540522107,-0.0024798373924568295,0.09022791134844965,0.07135486779509392,0.09647000756285706,0.032951481311101816,0.035559956301540296,-0.019768753102425762,0.0017348384189972421,0.10015453458390766,0.0852822494434804,0.01877954415340355,-0.1349581363587049,-0.002619382988086727,0.0059665717822099396,0.0094863582871767,0.012244093477420392,-0.022865924190227815,0.014027913038717088,-0.01164166545822809,-0.045962581109051825,-0.027670286592183402,-0.0005124178542246227,-0.01813628558511482,-0.04459717415238629,0.04828417676776553,0.21004958756793712,0.03417661020921514,0.03062433207014692,0.020431015035285327,0.007606557210237952,0.002651164494409386,-0.003254070704770129,0.004574381439852004,-0.011158179646827193,0.012936249177812442,0.07848431348156737,-0.005884844693355262,-0.06055647153152677,-0.024400617235187383,-0.03578988105982717,-0.08061226272184285,0.006886320166813675,-0.046999249543205224,-0.009281788932639756,0.013692397486067875,0.021229951355053345,0.013021199561535468,0.017423379863430455,0.018451168045430677,-0.00440116794412404,-0.013951264404568064,-0.04354660545504885,-0.006625388424481571,-0.0007744430240563815,0.0014336217395793938,-0.03229376077069901,-0.0010215540737590345,0.004655732643186639,-0.0028009558243411448,-0.017770503779502178,-0.017939778935215145,-0.003055381194826623,0.010830815580902708,-0.011869809980339596,-0.017233994620255544,-0.02959771917994658,0.0016963495581876487,0.10718382905724866,-0.0020346139071989455,0.0005905089537918684,0.1808322326023699,0.006128979777258792,-0.006188985980912776,-0.009219017643772531,-0.02301579011054855,0.00034155572393501643,-0.006982648679979775,0.008834918857019147,-0.017819316844907007,0.005361495250326698,-0.01113010665994807,-0.030279368446826993,0.00015601329778291984,0.0027175725745109958,-0.014494718153400754,-0.0014258181398076886,-0.03474979821157831,-0.005319132343174715,0.011339110213157255,-0.004603517341820407,0.06157398363166067,-0.04079087971604167,-0.004945737108755566,0.018137655541067943,0.014597425696592836,-0.013566184678893478,0.014830240521860105,0.0034293001536980228,0.07038645835746138,-0.006336563696095254,-0.006020557610099786,-0.002585614610097764,-0.01768462073414412,-0.0031579561036778614,0.023900131046048045,0.015788918390171602,-0.0061496677660670684,-0.010591933720206725,-0.006434679243739083,0.00527023340271171,0.014388308891284396,0.0021499130980373593,0.004388676451526408,0.008989475343241793,0.006938534796063323,0.005878424355842071,-0.007531898448178254,-0.004828876430337914,-0.007064109323110301,0.028773568811971018,0.005751141242740232,0.010778203708468936,0.021901195523241768,-0.0067155450045675025,-0.0026060927757498575,0.056152457978441817,-0.009322493031561407,0.007239640246552881,-0.0006903338207848719,0.007768709441734245,-0.09493051000936248,-0.00023218433670990635,0.03339798655088089,-0.0025997896814260457,0.013410479980848322,-0.004494269946917484,0.1288804392079328,-0.026282835652637004,-0.0019695894607139053,-0.0318574027755858,-0.006654378305938735,-0.002018219682781819,0.029596569264640493,-0.006119495442703737,-0.011139855858573355,-0.021520173275348498,-0.023860369464728137,0.007226952317068935,0.01584395216559642,-0.022492023650556803,-0.012203346640490054,0.0010962165398495927,-0.010617339285090566,0.0625220514391458,0.009067062531357806,-0.017262519766063633,-0.014596939292459865,-0.001022525494590809,0.0033063108148780884,0.010468367919656885,0.008774961213475763,0.019748259626794606,-0.020841476728492125,-0.013272106221393187,0.05326672597038851,0.15529127806803444,-0.006208645644619537,0.019716273104677384,-0.0030946242059144424,-0.005957554250016983,-0.0012757621761920745,-0.0005163323039596435,0.27522644201962976,-0.05115340020182657,0.019706623798356304,-0.020321682468875224,-0.0014586123061235412,0.0003707603300426854,0.011895895770067,0.005230073247503242,0.0003115959007118363,0.269724207627803,0.1713454448236007,0.02033334553561872,-0.0007467776882492672,0.029006504737935757,0.007063050764372747,2.3160157070378773e-5,-0.008253063591837417,-0.009381456545497713,-0.01852356542974576,-0.00034648084420041414,0.019760616834901157,-0.0011141121135551657,0.010654269454107634,0.002950701196823502,0.011709645381415612,0.0018167247471865267,0.018275780654221307,-0.0003373648330580181,0.0529225291156763,-0.0040554710674314265,-0.008273376420220302,-0.006254578274820233,0.12022877927120135,-5.7399244269618066e-5,-0.012883475735179672,-3.9688441347607295e-5,0.018939339084681706,0.03262896568821816,0.003272896018643223,-3.752296288439538e-5,-0.007020564874437696,-0.0061634678932023235,0.07967866413082447,-0.00729199939451064,-0.004462778816559876,-0.005418497883511009,0.0049667304647300625,-0.006623067633881874,0.00684390742208052,-0.03347689840984458,-0.00911203090345225,-0.0033961301851377357,0.009860539605597296,-0.005408930150224478,-0.0030753404225833947,-0.004049918575219635,0.005296156802160112,-0.005753832293521555,0.0013041740057815332,0.04960583366073479,0.01748062912338355,0.017326168768249772,0.011079083616095886,0.0016910626527533168,0.012751007800261505,-0.01035199824582378,-0.0011768516774282034,0.048573660039892275,0.029662973533959303,-0.02482841661412749,0.003303993620647816,-0.013632210042487714,-0.007979243130648683,0.03354691853382974,0.0003357931282153004,0.0032185508263182783,0.01882436443520419,-0.01993876122014626,0.00682673666960909,0.0032591903250249743,-0.0031507112914823665,0.002047045957624505,0.0006335424570806936,-0.02787379506162324,0.02315611971344822,-0.0008104035989617842,0.0010729214618550031,0.0047434093219180795,-0.02220992659397325,0.08844911660708021,0.009351155724289129,0.05605916196691396,0.00638561896266765,-0.0013477131651598029,-0.0009130538255703868,0.0024503233312316297,-0.008934991210480803,0.002632840165347261,0.018117320675628434,-0.022312179978996483,0.03130508080857908,0.0015979181735019665,0.04562024128017583,0.000720558366538171,0.019751634315070987,-0.01584172685033991,-0.015040860298540792,0.0034269804968971584,-0.0025890557842558337,-8.58618786878651e-5,0.001053467166457267,0.017928064517718667,0.004232220263020281,0.2290788422105834,-0.005963898708614579,0.0022799225969265535,0.1547897869741064,-0.01021661334016244,-0.008662497885779885,0.00490176531866382,0.003000887871166924,0.1061930607065733,0.07755814709435072,-0.010590127491468593,0.0013370726519497111,0.0013986978046887089,-0.006018160075427659,-0.015481029404327273,-0.010287681889167288,0.0073618639862615964,-0.09813766979823413,-0.010588640423520701,0.018716063904776092,0.007359129971064249,0.012117547636080417,-0.006855026970242761,-0.05423516590462896,-0.011585590820686775,-0.07086620138125,-0.012127792331739329,0.0026605130051393644,0.0033325729327771114,-0.010436869172735896,0.004030192354093742,-0.016747477933535038,-0.03724356242605609,-0.027728386020044127,0.23570597503567114,-0.026593561834488355,-0.025284390750130115,0.00012232185963512165,-0.013765740079179523,-0.07374108824660652,-0.004582011764796334,0.0051289350699335046,0.0028494404517687144,0.012858181175943173,-0.003641741290380196,-0.007403597989195987,0.0041910029883638344,-0.007707960037805606,0.0034927999367937446,0.01805546170908201,0.008040864760914701,0.027422657972238085,-0.002307976075599072,-0.006283532880843268,0.007224540614515718,0.0035530164332158165,-0.021457151939102914,-0.012032604132627966,0.0006799404191042413,0.011591821498768695,-0.011817443805512085,-0.01069641287892864,0.009906841219049056,-0.0024938201859185938,0.021874099384149304,0.0014713706123075099,-0.06693954157981352,-0.04162289873534064,0.012980772339915347,-0.008789623607526664,0.1347770659476737,0.053290681906219106,0.004399459904334435,0.009790222590709163,0.017696400524073397,-0.010908069215020078,0.020878366122360603,-0.0006139402825056095,0.10108137550014362,-0.00897426137680668,-0.012378146499031573,-0.004555882765544084,0.008814227481707348,0.005389708653694925,0.03717058108668425,0.008423947218489047,0.016842886089762032,0.009016150594106875,-0.0018416707307551405,-0.0003033040908348994,0.002394448470113275,-0.04730877805741329,0.027978400340543885,0.0023686111460392567,-0.0018195116317656357,-0.006891753182571847,-0.025344750893737,-0.007343523353029013,-0.0628551893845497,0.013982432278226042,0.015166497197242279,-0.025062136477572494,-0.29017421715616365,-0.008894675316696521,0.03885228333183477,-0.05061813309930585,0.00044419103005566285,-3.1230458262143657e-5,0.022041485995032417,0.005650776110996958,0.21358834045440744,-0.023002434649242787,-0.0043165480747120455,-0.010880897010792978,-0.017862396432064997,-0.0014958249548726599,-0.008075269752282566,-0.005521362667195717,0.004211729868529801,-0.08418293521935993,0.003060615761569352,-0.03469178531668149,0.025214451438728247,-0.000976124242242804,0.043641841350108734,-0.0024097020486806286,0.00240013552866003,-0.014534650122186576,0.0042112890232601785,-0.013316156969040094,-0.0012517548484538565,-0.009691004117485136,0.0034875331111834385,0.014692849823404686,0.004096534818927466,-0.0007757956600471516,0.011164686151460046,0.042644623299565865,0.0018011532268360497,0.00581266362723909,-0.055530341763642355,-0.006109628480317042,0.004741116147897628,-0.01335195370211295,0.0018404637994535733,-0.001308851736212091,0.0008954291265013126,-0.0040460657291987445,0.0011696264231204623,0.0027738054195651785,0.0016957686161731544,-0.03673310507838323,-0.08301973883590108,-0.10242587346692744,-0.0006494187546195462,0.2005990114653855,0.014858617724826217,-0.01107194751307361,-0.0030696446920046583,-0.013484628874721238,0.0358686718482204,-0.0014800362527260802,-0.0038023996276024263,0.004225683735057828,0.004839301129777596,0.01971995241365221,0.00020379340003273683,0.016646156238394383,-0.0007347770097112516,0.0037724453713963157,0.002229425893631287,-0.0012650610688069719,0.0128717323877936,-0.001597563798554802,-0.0015347189552130658,-0.0013649145108161065,0.007160048367950367,0.020271982338499583,-0.004156148183028563,0.000616860733316571,0.01270267513291401,0.008303814606733795,-0.27224343902980763,0.0014797980099388042,0.02134309810344348,0.0148338689149341,0.00026475659433344845,0.004035028849102673,0.0005608876344922464,-0.03229910194022523,0.007513474090501404,0.13126284537884203,-0.0014415386922337348,-0.004267521338988445,-0.0048220974204014055,0.02610040678587211,-0.011389224798108444,0.030622698322986253,-0.004604651532645221,0.011548007216333644,-0.011402926445043704,0.001589332805565391,0.008263758877546934,-0.006339320518691238,0.07315990261281513,-0.0024255175858343136,0.006574146617822407,-0.04792948215981596,0.0036499949114841,0.0015529756269643258,-0.0035489032650275476,-0.0029298937162138827,0.010069064471281308,0.045008804534518276,-0.013954699412352056,0.005938144354061592,0.010348269950554823,-0.009543574465169513,-0.1267200146430696,-0.011435122203693027,0.0016645711739329272,0.007602315787153202,0.0152792411390692,0.007248849382449407,-0.0005707377280828041,0.0145408621228853,-0.014585586826797226,-0.005046517871960532,0.00915002466445003,0.01094880383425334,-0.006199674909794339,-0.012949573025252903,-0.002238939499875414,-0.007780943878060498,-0.048883316693491,0.009660543753852835,0.06496927949956444,-0.036650665665092674,0.012150221886258805,0.023114138938581164,0.0703071959492263,0.0010602344605104008,-0.005516837564300658,-0.007376206597427881,-0.02938433657391215,0.008053207979173749,-0.01594219405478725,-0.0033659575292404043,0.008675079865497537,0.012843987420637859,0.012286662738688392,0.002681559792108601,0.019175993804310565,0.029654471194703547,0.01754500584024754,0.010801418348819425,-0.00830948611292115,-0.06113287139032764,-0.018138325002126976,-0.02730836419686966,-0.0167030894126583,0.018742142782230076,0.022214333242857265,0.013680214393389178,-0.053430225778356544,-0.024145854870766925,0.02768846866433705,0.019743222354918544,0.0268038631629679,-0.06532618495430143,-0.0031910456154378153,-0.015947124324156903,-0.005792033767647808,-0.01057739011821468,-0.0038647319488518406,0.00969637904654519,-0.0037781235660077073,0.011882403665367747,0.0057637702138890745,-0.01928580305320793,0.005023279227771127,-0.08124534460694122,0.001273457403158318,-0.008584910111494537,0.012416655190691017,-0.0074957524104775075,0.024293929371651757,0.004384460019537073,0.002086655241896551,-0.011607793121129362,-0.008364230548977503,0.04827579875382071,0.10095337193570231,0.001981870346753567,0.10027866253949469,0.013375892733165529,-0.08167483744546189,0.0015455068241863046,0.010896141868215636,-0.012198956468637334,-0.008186376611433843,0.006014304571522189,0.1369714651933691,-0.0018582898243835189,-0.0024656190403220535,-0.0004681343862102949,-0.011863602876474033,0.002578925486886874,-0.005088624662221264,0.0024016380939428927,-0.009551738331992965,0.005171418022655416,-0.228872112758836,0.00025003926202771254,0.0020124302127442206,0.0655278379417723,-0.028581179152752156,-0.0012621517744264565,-0.001233071194292279,0.00040659666956344154,0.01588031210906138,0.0032218819878835347,0.0004514676338658319,0.015492753120724956,0.03245819377298176,-0.01305658391356701,-0.005813637917640335,-0.002366037221406714,-0.006469338384704315,0.06448285025908262,-0.005573914667365898,-0.0474695933297653,0.006158932936386918,-0.005627950522466563,0.006010873632476432,0.013916550021349394,0.16575488255693926,-0.017966190895378986,-0.0021988709283959906,0.0005985183897792012,0.008660393443278736,0.015664526620639663,-0.00446938267123187,0.0009426466208424245,-0.0007514699852890772,0.01582460330973845,0.05763491955030986,-0.1295672898486373,-0.0037912047898203127,0.03986440287553705,0.034330740843870444,-0.06413792009516328,0.012285464895057885,-0.06500563888039324,0.005712660698009131,-0.001853303730058542,-0.026292472032537262,0.01260208510245775,0.0004287910132916295,-0.0008530287670964753,-0.013886200640740753,-0.012336967878582072,0.014627602876316814,0.004316550980547618,0.0030369900214282097,0.02008461234800052,-0.0033581693810447177,0.005639487746520899,-0.005963969360891497,0.0016805728228064254,0.03832971482188441,-0.005621390769874779,0.06895507148306024,-0.012437293044058606,-0.006525517986119667,0.12550244669182575,-0.009553303658321965,-0.036067039378167465,0.0016670289360263268,-0.016155568200701964,-0.11245293432170911,0.005178526369945757,-0.005139806698025495,-0.0004695040561273345,0.012339888133283239,0.027032692335978936,-0.005440471105430333,-0.008721148859677896,0.006147990339741227,0.0006780348817301274,0.0724223349411659,-0.017954172555619152,-0.008330511063832091,0.20216424806494615,-0.01965327562220409,0.0415176632316161,-0.02331614865431675,0.0032688888966276863,0.023572431725369825,0.00986321449317984,0.0014028459157202633,-0.1028768239193596,-0.00624223241038635,-0.03235452539183825,0.0005192880447566495,0.003971819796333875,-0.01650686471816698,0.0016406840441050008,-0.008853909309095798,-0.012541741989480215,0.05703267415356095,-0.005697421755940013,0.006825988600439814,0.004116547533385528,-0.008826061636682425,0.00010591260297587723,0.0017114644551838865,-0.0040926821893663146,0.001180205694254255,-0.010721771553107828,0.021006527644772177,-0.0005114412164175519,-0.20853355110830307,-0.0026359992144762145,-0.014119227272203716,-0.027996002636882622,-0.005099551068269648,0.0014834690366569703,0.05520031177547935,0.016052312371357402,-0.1620671065084025,-0.026414217004457896,-0.01002123861144355,0.013110888886785688,-0.019302173900427988,-0.014351829580846243,-0.00316105505885389,0.00032190294302836264,-0.0035459537957649445,-0.003282950277935015,6.087587826186791e-5,0.0671524490126103,-0.02337282697203591,0.010355287786296685,-0.021521101279176946,0.011812952735454019,0.01133883854981832,-0.0010612397700242582,0.01017364282915878,0.006366024455587649,0.3305698908679915,0.006804807423918646,0.029772228805086343,0.09353490400940245,0.015572921021885122,-0.005883311620436871,0.008189386064259452,0.009657064242674096,-0.10682528022516635,0.019626824512670282,-0.008840005231832038,0.005609626637124165,-0.09285767276139723,-6.896337981743272e-5,-0.00685245031309023,-0.03414309952859185,-0.01479436185945815,0.028407301010702213,0.006179148511819221,0.0012676078622462228,0.0033491470212538843,0.005878994039903773,0.008990269074047319,-0.008450527742752456,-0.0018232824202186748,0.019750086683416157,-0.0015133820379560348,-0.028106503437811625,0.01165409844907117,0.011431380426984106,-0.004842450987780467,0.07651270977430613,-0.01306608544109622,0.0038239731893554563,0.004439611426278134,0.02241212061198894,-0.021076913867091207,-0.033633050052003455,0.00941540674693897,0.0049960666015067545,-0.0006220022805791814,-0.01235180228286481,0.005536441966796701,0.019698247897849797,0.001138441238708765,0.011425052020058502,-0.012475760856773377,-0.09315468452223286,-0.0038402435243369837,0.03647090959771049,-0.001527176186300494,-0.0299895817360607,0.0035033141466556117,-0.011076110226213132,-0.08527620002951153,-0.0049608154435532015,0.01580989480680728,0.011991825814675394,-0.003943897347198799,0.010440313484650687,0.006602110932362848,-0.012025216978145181,0.001879288203554097,-0.005828781356740365,-0.025281306823671912,0.005486414094775682,0.001589866544236429,0.1269360036155831,0.09864661629694638,0.004277697305951733,-0.010636845001272377,-0.03455882474008831,-0.20693857485457556,0.02327926984617079,-0.008094893297197814,-0.0006329243674372265,-0.08281432383728315,-0.004092423637303,0.005699390114386915,-0.01228111994032588,0.008417363139415102,-0.002462316220771754,0.010923324035957194,-0.0847762481666905,-0.004153945873440534,-0.009139595664237277,0.0031031098360472242,-0.013873633915864048,0.011729747003300872,0.044309979552053846,0.0013882387961530185,-0.0011853166106448043,-0.006512553919492348,-0.03348128465819222,-0.00772837042586616,-0.0017558098434165004,-0.0013423959862848278,0.009738648476286471,0.012633200242930798,-0.01463835378422118,0.021253372836781637,0.0014427246484274292,0.020952328209659754,-0.013380223686795034,-0.026445572361353697,-0.008363998670574802,-0.0111024564885156,-0.0012012803716743292,0.05300184925954454,0.018217774824961452,0.04726713660329551,-0.010557241540936957,-0.006804094126778182,-0.002090300029720993,0.005525076323465328,0.011492016859847354,-0.05416123828035779,-0.0065244263000749925,-0.015413262203651357,0.007406642183013901,0.0024504705925210146,-0.00136994778222288,-0.002858580503016128,0.0093493108797702,-0.0034194967038274626,0.011087606954788498,0.00930661743359451,0.008109309289466182,-0.10216054616194015,-0.007936744064863888,0.11874789184386714,-0.029704713994760823,-0.01782260459231111,-0.002428071557005751,-0.023490247569498024,-0.02961380334363639,0.01114184415746422,0.003407686128412024,-0.027835309804004282,0.0007005507043231773,0.00582043011127098,0.023356116423869366,0.0074655830048868665,0.006310731661983482,0.004089595392770207,-0.015224288829813304,-0.0005230074994670986,0.0020555926716951944,-0.04351321234389616,0.002768353928331635,-0.02234919210093267,-0.013667168995539214,-0.0006209659009073221,0.006922423523747057,0.002309842736394785,-0.005139977622462766,-0.0052332454783936555,0.037377410677436274,-0.09054751215080614,0.00046274799524326227,0.012750164114549989,0.0024118658880070143,0.017520612960652215,-0.015097400328386357,-0.0036680415108776288,-0.006524097172587062,0.10742323684326038,-0.011695177245258037,0.006438717770379299,-0.015523916512393043,-0.00758194793434086,-0.00034897125988209154,-0.009235299003194086,0.016645082107288545,-0.018568633499853604,0.003915578062333225,-0.0029528346344704914,-0.021973598679323914,0.14537841757464776,0.006461139894781809,0.12427225626288418,-0.06106465150878648,0.006628912579344615,0.006686102881189981,0.0021314998521120287,0.004293438583658826,-0.027541229892449337,-0.006770702088374492,0.12738943782187562,-0.08825084221507495,-0.008812338090592675,-0.015210732101877511,-0.021182057120313402,-0.027884907169209328,3.726660452230135e-5,-0.0007814872828930675,0.0032753740561020095,0.005563643879213487,-0.01186317341580434,-0.007963638491673919,0.09525403731140614,-0.003189110375387827,0.008631728290083629,0.01141202813187192,-0.012337328105786582,-0.0787528590947204,0.07505034600399085,0.01850366792859859,0.014601635726648965,-0.02543757103921962,0.005946563506768143,0.04815791946936088,0.04254313577985158,-0.0007980835896432836,0.026067496958603442,0.025119093975717988,0.040445172473027924,0.017747816391761262,0.00359153836780024,0.022365492910921603,-0.008215939778892789,0.008593625657340453,0.003778697253693508,-0.01989452474663267,0.02300445879336621,-0.002534309662223677,-0.002600482277557603,0.08056423194284434,0.014365273259727473,0.001934810808961629,-0.002876545067920233,0.03710369558120874,-0.0067654866361408494,-0.00201684583498718,0.006978093587349576,0.007769066828586801,0.011094794086602633,-0.007778214439895237,0.020525856710264634,-0.013460590731483535,-0.007160830573411658,0.0006980051582559099,-0.012212562189233722,0.012491884883274906,0.007273039742358378,0.04317793116206303,0.003220030029865484,-0.0008514669198120828,-0.0006920666901351069,0.00014179653953760862,0.07368631274039217,-0.009513306925327925,0.001006497923981442,-0.0012872248134954134,-0.0023494554902754317,0.015030910075438442,-0.02108559835255619,0.031183438255084184,0.0026931043939839583,-0.014901667090271076,0.06534092335277819,0.014732825806857974,-0.007429337832491001,0.0018538821723268484,-0.009021017027407652,-0.14850468431268382,0.07263908760626236,-0.0017008691875162185,-0.015809535331754887,0.009514678233244922,0.01658282830396729,-0.003404913236408902,0.001394133476424031,-0.0038731710801584995,0.0006176893243718951,-0.004779336060892092,-2.849355951184407e-7,0.15350318879427505,-0.17395483256223088,0.008177607110155805,0.1093234577037947,-0.005938719693403982,-0.008767183735471917,-0.001043206572148847,0.01866061799137242,-0.010264960748827434,0.001663020321075237,0.11976321907582133,-0.005847457714480697,-0.01050944429152878,-0.006339786476132758,0.02171426092991169,0.005067559221060947,-0.2793387795391027,0.024435747068309865,-0.005437358390736335,0.005869562163752562,0.00837250762003805,-0.1409317796101277,-0.01121877422565376,-0.01499552342829702,0.005612523981653794,0.027944560778450978,-0.003627286756227477,0.010456946849444648,-0.005765341178630479,0.024056619346083608,-0.03343833837425336,0.03424974894232946,0.005450326694294461,-0.08930004887952236,-0.0029240612711873837,0.0016953650401774212,-0.022241326312723686,0.00807192936906631,-0.01725615303439554,-0.011501417975523509,-0.0177917480598353,0.006824260757980483,-0.0022220527517902156,0.0018714551201810536,-0.01385214886340691,0.0016852495336934226,-0.14487539514448144,-0.1129612772397195,-0.02096206084752339,0.03376352596524157,0.014396099797522766,0.0025837502998911077,-0.004313678160087875,-0.022276224661936794,0.02232552459827275,0.018760794559966598,-0.0038810415153420763,-0.06459241359698353,0.004573001602693694,-0.01032937108175247,0.0044414013520963636,0.0009158939288909096,0.006386034368915716,-0.0004417611285134626,0.00027545750117496937,-0.00123932620499545,0.03202487553562605,0.02077231102339283,0.005549310444621369,0.023149672369072505,-0.027676037017954513,0.003498972964166569,0.023461190355419603,-0.008045279555517482,-0.003112550843070494,-0.01701478347149532,-0.003830858431683737,-0.003762835555789934,0.022961032760576927,0.010556116978023056,-0.005081117973531946,0.008653627193780267,-0.005440161040382918,0.031418733626026096,0.005777645783382468,-0.01341464334518605,0.0009992281125050795,0.010793340993132006,0.026578147248073947,0.022263883341111068,-0.001561466313432902,-0.0003494760840112576,-0.004387357541418169,0.0040708375790927676,0.030403042665057,0.008498857518134173,0.008583231887314469,0.0010032411905740446,0.019926977217437525,-0.017477851511443987,-0.014415888225016715,-0.00853357813139155,0.007656560317627736,0.002523658841255383,-0.010242674201890622,0.013366366709760769,0.005363898870200501,-0.022671175926234355,-0.0007997541331405955,0.0942509912965761,-0.0009561411425238475,-0.009632270401198184,0.005215465107525574,0.1099388285765599,0.024506453462436184,0.03205406825827595,-0.008867102116141723,0.0005470495690360622,0.012849191810346383,0.0004346448474166209,0.01022944272017412,0.01668381209265135,-0.008231272826151326,0.01920439555442499,-0.019213602309719136,-0.06086679467262002,-0.010550194180041217,-0.04143753989956167,0.003425501127821917,-0.03357369602565541,0.00377332335938263,0.020217562923789956,0.04743275246633516,-0.008792561839982227,0.00694767827008036,-0.003083257828279784,0.001080496975191636,0.00630298799751472,-0.056944357537986434,-0.003694308493322751,-0.02359841832640086,-0.009082927786948858,0.00895481496809225,0.01145581325636158,-0.04252193513184466,0.0094517138431911,0.007262036544034345,-0.00045612179155796184,-0.0004918409713354777,0.0060253740375628695,0.0017927651063018857,0.013783348036767507,-0.004644338804610015,0.029888283690901574,-0.0022898377796991554,-0.004024636440590257,-0.002406286732366425,0.004822644164050871,-0.03801627737857416,0.08438623112942878,0.0025436351925236522,0.0052845444811282505,0.0038036397470477823,0.023071304987752228,-0.05435558809216445,-0.005314827086294827,-0.022584885159631085,-0.01972844852025446,0.039264943157377274,-0.0075872212586887144,0.0015087083528442236,-0.18788712947844033,0.004187278566860186,0.01792327863677201,-0.028881236401502974,0.004577713420985674,0.039212731151565094,0.04724412576342729,0.02142421220594315,0.033380582339816556,0.020084601362668764,-0.03451613371271378,-0.026666344343539095,0.004186204001598526,-0.0029797211234949827,0.061354354100330966,-0.0009435449592274381,0.008059538165298363,0.026108378630397056,-0.035703235100299935,0.008586871426814469,-0.10031307461758843,-0.009846822680174228,0.0008499646646669134,-0.004521782197343782,-0.008631440641693189,-0.009489907417446375,-0.0014385928861884167,-0.02001351743729174,-0.0148277590158159,-0.0032881662968975434,-0.002957681422230962,0.006302537462033797,-0.010551311897870619,-0.01360361771855878,0.02601491463065031,-0.017326170777145933,-0.00042622126238711644,0.0385170969225328,0.01149303193386686,-0.006516705339890905,-0.012862891675467836,0.0064696504255721266,0.011154814970723237,-0.004010873286460992,-0.0005610913763121061,0.019056984433518664,-0.07877538834691222,0.011948983285947179,0.04693935930754378,-0.0005325142401488847,0.014079166204794547,0.008423720204518759,-0.005154943777370136,0.034527273252024315,-0.001170037008705549,0.00981851466713124,-0.015901371230029326,0.004979975475180254,-0.00455320210076593,0.006870667205930658,0.013301292250616825,-0.01845181002681784,0.012007460908080247,0.004353295823420922,-0.0013305274292179092,-0.004872182534199965,-0.011184465229764129,0.023020245323550625,-0.006668896232667976,0.014771455535083078,-0.001715788314186284,0.10912553061598373,-0.003519018848237465,-0.040220325494374265,0.11576896640690393,0.02311701818371148,0.0005850015541000175,-0.011205849358702835,-0.017160025017801672,0.004489939778068219,0.001332296512373432,-0.004010439257399412,-0.002377687185344257,-0.008296858452013112,-0.11906108568473428,0.03467381658083468,-0.015248931388669007,0.0002496164074727858,0.017562107256139825,-0.013429875590645679,0.0019011522254004376,-0.06363276286992914,0.001982606167985068,-0.016643183385667726,0.020965997018720373,0.0322809069170944,0.01858505116251763,0.004520022063488227,-0.004886966437425144,0.003972193751792474,-0.01982944515566487,-0.05945663337934093,-0.011893398494066787,-0.019427702017310367,-0.005344341162526689,-4.4048429117538035e-5,-0.004894941735528846,-0.07569958646672603,0.026448346770393982,-0.004409442310134182,-0.042124579504161375,0.005593836769548943,0.017460832527376624,0.03430120385792179,0.0259198844569255,0.039767344794199744,-0.014863248807159835,0.005026896207255049,0.06829553058514648,0.0007387911180103401,-0.027863470185820916,0.06944518259365395,-0.006304667675522069,-0.003341473711770959,-0.006046667447662912,0.015333815902522474,-0.011484431199505707,-0.004307630810671981,-0.004008548842136861,0.010739990838999347,-0.013692611166334245,0.012119708222599002,0.024566135407440015,-0.0029264382410474354,-0.0025551344733685255,-0.0040776782007014845,-0.013263693640737984,0.00443131874772007,0.0024077388974319547,0.07206949025726317,-0.06521860563407245,-0.0018908207712229341,-0.012010514456051169,-0.002797309610286902,-0.012698711148459552,0.0022133571192171075,-0.03917709652847634,-0.07763105358753819,-0.030421563332311052,-0.003211767515743702,0.027782384671809268,-0.009495457662069384,0.001100701902032597,0.0013791431856589043,0.001204784286528593,-0.046427707042767,-0.01131536669572597,-0.01969510387846185,-0.00011362146574356302,0.018586665983093553,0.0004661584007408237,-0.04732130947922997,-0.009571539817443409,-0.0011053372181777377,0.02251942808061358,-0.007217878815026779,0.012162095984422194,0.022765727659134427,-0.0015269886696387402,0.009062114581865899,-0.07267984578993492,0.0059906663445872255,-0.0020729769676108845,0.024271319182162188,0.006284957707066496,-0.0012775019476976013,0.041558372118743137,-0.010901220944106171,-0.010109696320796502,-0.009750823493959615,-0.0010288978877497357,-0.01432764458559177,-0.02577020429453114,-5.782312655355781e-5,0.006745109772964497,-0.19919510343970614,-0.29600709316719076,0.017725742185575655,-0.003811780019532307,0.010307634289347334,0.0035598330912307574,-0.02802175578585775,0.00276618283623975,0.0018527337647356035,-0.0017340312097076094,0.02046914174752601,-0.0013187996210035635,-0.11731311338553496,0.0010375280123753328,-0.026584112265538806,-0.21706006461957372,-0.0024681568952473754,-0.07213316392790148,-0.03232044492460773,-0.001496438444519299,-0.0010399028474239458,0.008699638238340412,-0.014413260467335931,-0.014725820484272845,-0.013324068082056328,0.08255697136155504,0.00703072810233607,-0.00027821039248010493,-0.1679634294459902,0.011038043320240831,-0.007667003394999483,0.028910871031257557,0.029157886490452256,0.004265582309926685,-0.003141849781968631,-0.0067826123472514155,0.03140462450195969,-0.14034045129761807,0.0003364896329003386,0.025456554532865994,-0.021168680626715286,-0.01709795880015008,-0.09235450220370467,0.0020927956061314035,0.0033879333514050813,0.5946564278065125,0.07159174884600361,-0.009383621362758277,0.0014807516272412613,0.0025219094866315572,0.24520754225022756,-0.005961183889667154,0.006495546385849593,0.014050206418687594,-0.1584985192844215,-0.02684847884518149,0.004018393713295154,-0.006796193672926165,-0.003983743835306086,-0.1204441893104331,0.004990375428860716,0.01523303403519094,0.0023594499798491597,-0.016340602916898206,0.005255856372968992,0.020355879471026128,-0.02263900540947361,-0.0017491547810095653,-0.011225792888581054,0.006608575702557573,0.07418355473873817,0.013219453202054865,0.001379161865770584,-0.0060841616846118995,0.0016899168431336875,-0.00610487654194003,-0.00464646364980581,-0.023390049773297505,0.001294588324981305,-0.012024026851577219,0.021268056986627926,0.03153218850457051,-0.006894083321185462,-0.018518742058518,0.00684815182330567,0.0019223928020437597,0.008137368095503916,0.0036219338871887885,0.0020011409715152695,0.002172289928637383,0.007893098443673807,0.002753314674464491,0.031994305705211445,-0.006663247176220466,0.0035464529332784878,0.02272464394400231,-0.0014582929447897186,-0.013923923992479104,-0.0068725658475159435,0.0013382443021328072,0.025118567186154905,-0.02367277678240498,-0.0018862465954043728,0.012680366252425301,-0.04018060935413814,-0.016312266082422866,0.03038962198115769,0.013933753669334692,-0.0009448649598198244,0.038158014973078025,0.014241734852475929,-0.003362409116192566,0.07020510062102403,-0.010718172168708406,0.01914101279839997,0.07074536907384754,-0.023610032063515973,-0.655439568771726,0.008702564393388457,0.0037647370554623194,-0.00337515689261636,-0.03225882888318665,-0.00355124825364328,-0.01950860070382987,0.012631307707920314,0.012482337507208285,-0.015476444531941524,0.012381851283862488,-0.011132305172395718,-0.0029455814756147447,-0.0027660596529131,-0.016857417622304638,0.003163454864875348,-0.020134735645115143,0.016453862250273232,0.0016769176791058271,-0.030387555069751215,0.0007422793451041798,-0.026520760269704624,-0.025815616847467027,-0.011539324952480001,0.13887977551667063,-0.16168946850666543,0.021019313786382554,0.014207344949738854,-0.018334392177166592,0.013210853066993877,0.03306733036697551,-0.08269362601777175,-0.023703724260485615,0.010976341225614306,0.007825163926099776,0.012240573149028933,-0.011801012637988606,-0.003982864071531367,0.0048860784409043845,-0.002547547248468618,-0.0071364493524015415,0.0056159711186865025,-0.006352601017169945,0.011348309522418276,0.018142862903005152,0.00985286087870918,0.007803280275311408,0.009987447719140619,0.03306583559833598,0.004849797468978068,-0.0014527049288517446,0.007380130089813974,0.0028555725994010572,0.0033375578177299303,0.01520427947934877,-0.012293330499687727,-0.011443020083788724,0.007664550239496748,0.03855249749994982,0.0056365976142842555,-0.02876444576918402,0.00217872363555216,0.0008940390212046623,-0.016041376120938367,0.010857705575062937,-0.004799814849750561,-0.001813013601804414,-0.006498465291770117,0.03367874272100835,0.014563952221578802,-0.21703003826132772,0.0027788782717834692,0.0025424841478525195,0.014542502564268034,0.0022159779596222506,-0.0014580843126168475,0.48677530059649143,0.0009694072668935405,0.01384940464504325,0.0011400716975913383,0.023462407509214245,0.02089506677702957,-0.003520279666645365,-0.017240847101675172,-0.006514744174637599,-0.016051894477641326,-0.02008949860839948,-0.0007240911727421917,-0.47908166575496125,-0.05500725620868252,-0.020982755171644385,-0.01183205229642681,0.002461093232341227,-0.0008629015973156129,-0.0010989628308379906,0.01300547540813568,0.008373606967325031,-0.015057101358252112,-0.013787595188659907,-0.006557754944651606,-0.011729263020242797,-0.015336643287810148,0.02133690738810401,-0.009569553732944769,-0.005568344149651239,0.012217888061968551,-0.004251127302495661,-0.004906542310777695,0.008687683241646482,-0.0036535807878408377,0.0032811809472832465,0.00848802982181951,0.04532405201371148,0.008269542244306649,0.6299700002700774,-0.01713050820035278,0.022353208913273193,0.007023402624326991,-0.030407839669351233,0.01863782441978401,-0.0732548999858409,-0.025849601225218066,-0.10656884329546301,-0.003079191396608394,0.016894552023586584,0.0012998957025729396,-0.007495696859223244,0.031497990730713354,-0.004786804629929975,-0.0045258904024194635,-0.013695095653019962,0.05863359049271821,0.0038738031253160443,-0.004870519326686917,-0.004245588014782697,-0.0644741613050428,0.009668417964348919,-0.011734255713918174,0.01073051079417553,0.03026944447204105,0.008865774209425581,0.006896016891346335,-0.03798232307235594,0.00026572585784379044,0.002792976200908015,-0.025139978989500378,0.06220448624844721,-0.36312844419535395,-0.0038035491279515554,0.04733173668500967,0.02869905856459809,-0.004546222041881265,0.007510336845371057,0.015019052645584452,-0.0012985324026431044,0.002237577532469004,0.006193753661904111,0.00042615934853529325,-0.020668113031206303,0.021489123477294925,-0.011901858991450354,-0.008724445755433408,0.08668304537059157,-0.0011385705902284826,0.6914015372603899,-0.01212370442408428,-0.03904247645277792,-0.017050122498403653,0.04041323459296109,-0.0017649998289925861,-0.0073719492615964555,0.012550102627756132,0.0055833127171354135,-0.029364129981331644,0.025810399890929148,0.13573530902112907,-0.0020799178030301846,-0.013818272965181677,-0.015362857741365588,-0.01058250914547898,-0.011366805734041918,-0.011151015003861176,0.019457974710348935,-0.011175395889267747,-0.004610438979398168,-0.005084266144422145,-0.0033923289543054125,-0.024090433852506976,-0.0009305772491643438,0.008930019880608597,0.09837717619484465,0.003222216502479114,-0.015175101023487514,-0.001031376264904793,-0.012186392827516102,0.001575594894930532,-0.001801162845822546,-0.02862211488172761,0.019118588860692398,-0.006008612541336333,-0.01350636935080729,0.0008788285367700155,0.005630973945244477,-0.007295594577954034,-0.00791957420176459,-0.02151753109501442,-0.033234417396215576,-0.01430890750270919,0.009880171212898858,0.006043905953220019,-0.0009176761031994829,-0.006905738717250642,0.021119960379110125,-0.02921750700454595,0.17194800838205992,-0.003472669725852029,0.006023784281751432,-0.004029426010447423,0.017924222514920984,-0.007985915474137073,0.017430550652534293,0.011332758093885786,2.7286902422929415e-5,0.03521155200746762,-0.007417343187171355,0.008495688567563775,-0.011983261981868054,0.003451001123721653,0.0035159848503099056,-0.006250304536706608,-0.00772464835563369,-0.04980598973628503,-0.017540975450856422,-0.014146046553378255,0.012082977184718402,0.14890636994960005,0.004416072761614487,-0.03579310118175272,-0.027884569397429004,0.003225169055895094,0.018296809758339805,0.021910876965876014,-0.0029962433059154137,-0.17688939081654098,0.0024572273811713785,-0.23244243780118268,0.022244346891511668,-0.1540512378051062,-0.023033281024254393,0.0021749033439846244,0.005826155318573001,0.030946384099138413,-0.016436983320090803,0.023782179054933295,0.007454613238223828,0.02801806489117098,0.01211543199042353,0.005338239503544173,0.022117766162807584,0.017677807399877565,-0.0021605785750580253,-0.0038972247057245113,0.005750654536313959,0.029373597598350898,0.0015971802158674109,-0.010312917279179601,0.014432767843572947,-0.0050214631587550684,-0.00947017035105091,0.5712889155875018,0.008415791327252009,0.015248118341787631,-0.022992854245330818,-0.0005340681204870634,-0.0015982507138687652,0.00029130033635738073,-0.009200990803037712,-0.0023326934624492424,-0.0031213678303174675,0.5992147844044666,-0.01616138161921299,-0.009803948886883518,-0.00975828231696596,0.006785481959923345,0.8303652212780435,0.13523993980788873,0.005892274241887208,-0.002837859058217873,-0.2650313854996966,0.008307554606290068,0.005794870579393319,0.004152487899773405,-0.003391652464415529,0.020709835606794513,-0.000869771625730209,0.01699251030868254,0.06564157394313952,-0.007193103660938505,0.014591877205248238,-0.009616107528017892,-0.007014925799921912,0.024736310941079864,-0.015066451086113375,0.49768906400367996,-0.010232353444735054,-0.00447227035101605,0.009224023566275719,-0.006766978885707431,0.05461085905699292,-0.01608103892795043,-0.02726125387380307,-0.304829127051363,-0.02870379290334313,0.012292410309783008,-0.01057296522822071,-0.0016811696223157924,-0.036173256451547786,-0.020008021381727303,0.0021257386788420263,-0.012844536843658716,-0.0031957886109239553,-0.003719908893799584,0.00040188943330576876,-0.020771412057001726,-0.019799353467988112,-0.053209121299005346,-0.0028292714869166957,0.029423508665786358,-0.016243637386651244,-0.0137525819276334,-0.013890790460209246,-0.0074279987793488544,-0.058034404256432026,-0.03181204121256087,0.017995888082623424,-0.011794755232585885,-0.10876588613427884,0.02393305812165636,-0.013389660042776086,-0.005437615600840218,0.008748697879809697,0.0035564705881370173,-0.002583481569217838,-0.4251798700609015,0.020039728026176817,0.06228193952779293,-0.05609556575655006,-0.011305549760436406,-0.5909602126780555,0.23054487024637638,-0.011029916775441961,-0.05098171710551469,0.008379044746106956,-0.3586095076861966,-6.623525280247122e-5,0.05749128612478671,-0.02475241462343547,-0.004137084712510841,0.09710671302627816,-0.014212043370662286,-0.006137677166407229,0.0013279063832669635,0.006930468099653808,-0.011706877938195248,-0.029521679030040104,-0.11083672762288188,-0.0027733492352695066,0.004411947259086446,0.02336333740640839,0.2794086580106523,-0.010012321872636676,-0.003196078603645347,0.007732219947683916,-0.019205947137379553,-0.011418931956768574,-0.027302862051328702,0.018265199206325633,-0.02781417445748957,-0.01304284432580971,-0.004012100262571039,0.016446287128928816,-0.005763308038694959,-0.0014281566984664096,-0.014997264077010186,0.00358655577610989,-0.02114424244427937,-0.30543633967045025,0.39049214303122426,0.008571689068617161,0.01489195925387321,0.01096757694625694,0.005527722250917577,0.01607113653108172,-0.0029697360059799394,0.0008467470564141877,-0.02213181190290925,0.010681434305865878,0.004536890263856022,0.0022664166481263237,-0.00356396943288928,0.04771965952204482,-0.1483049468470199,-0.007848728746466804,-0.013676008484253543,-0.34256871650359244,-0.009878772018055315,0.09154064250469673,-0.0014208900552148407,-0.02313591572419682,-0.13868934541278577,-0.03619207475276198,0.08920387855550871,0.007672291743801907,-0.05499773666588226,-0.5369118137959958,0.001072264752110641,-0.02160900575756841,0.013923027579721747,-0.008498372061694681,-0.05075859097541979,-0.0038297583869848495,-0.05889896749340551,0.022883678527932716,0.014671370581709198,-0.001493595832016581,-0.0213196550162138,0.061123903778025124,-0.0009435150937733283,0.04743930443783029,-0.001250236302439589,0.00724481073257266,0.0010287865700320253,-0.1474174762107623,-0.006791177964032613,-0.08727870298173457,-0.01623140472702289,-0.026891712659562472,-0.0398295572155547,0.022186660088664212,0.18829963891676016,-0.025844792869293087,0.003422209092605044,0.15793318653049937,0.0061844121778449335,0.019867368432414878,-0.0040669062508413845,-0.012973472139492515,-0.016029991556933965,-0.026222410157288323,-0.005481930182213546,0.009214141719894542,-0.004935467063546639,-0.0007154109259772667,0.0008455569454781653,0.012834372187967347,-3.500859747873619e-6,0.02369783037374873,0.022713129900239437,-0.0048948305104659084,0.006776936929782096,-0.0024129840694513405,0.007148986319407413,0.016086185159110755,0.06734866994884214,-0.0915245898950161,0.01362369424168719,-0.0026294536869500007,0.005711955780498101,0.11585412852014088,-0.002330328689822636,0.017424305395252304,-0.007834189556888305,0.15435786263606133,0.010841072553148479,-0.0002131696728611132,0.0029166790745875915,0.04557477894377371,0.007551680725100596,0.005313931110322301,0.007997189476554922,0.008671411554132646,0.32454154526385537,-0.004171511646518411,0.007768993824811332,0.017806261612122398,0.0026484256677576923,0.003934544930871198,0.006062250685317849,0.026823615014109237,-0.04661705537452576,0.03534878517712059,-0.32843334279823466,-0.0033481755676803004,0.0016414504935937657,0.004534946781859617,-0.016521028469469456,0.017785097952582873,0.01046610803632575,-0.058041151463839924,-0.209722948430624,0.003853399377931055,-0.21115986976292334,0.5771487824067663,-0.006644633192991023,0.01152823461961816,-0.019536004148449138,-0.014247950312324065,0.005631501514244519,-0.012487109633184446,0.01983809242483403,0.2375196511499098,-4.186898877378553e-5,0.013094270062993019,-0.40305737253584084,0.001529111525087501,-0.011822410800959915,-0.016086516144468987,0.006308108941084356,0.001875011658285075,-0.0019705307813637774,-0.004411116590745223,0.0027317327012497117,0.04545765622970066,-0.09534763196734275,0.0011052223817955564,0.6413749252460548,-0.029470809717167867,0.011069448621128686,0.028303142262302572,-0.0029790054747991235,-0.00360659888929149,-0.015240493125020294,-0.00791124471470539,0.020386809494084446,-0.014865871533402242,0.02054438043251139,0.006735681548889261,0.010544913282046764,0.015029814310764777,-0.03720748217347136,-0.0060826827357232105,-0.005135880854425068,-0.004925251482973181,-0.014531442125417016,-0.07278302925033131,0.007800227134339366,0.0014236429897209746,-0.005030479747802019,-0.01876904911227939,0.0068142899581289385,0.17139812992718362,0.0004875934523624892,-0.003190051001183747,0.0013967526347187231,0.010061167203048171,0.021352674899389967,-0.010154124713380952,0.021530962656925112,-0.9913704287882865,0.015797046115494595,-0.034607024244223794,-0.03579176596758771,-0.002917335896881923,0.0013127037832418864,-0.04761331969484672,0.21171502503784723,-0.0005904057818497677,-0.0005673322818893212,-0.23453744380276476,-0.02036468144706305,0.0004295830083265173,-0.0116194348688623,0.006551448497475576,0.008749999601832315,0.01169176191160659,0.020867425483174884,0.0202216674920237,-0.006495658621133771,0.00041489543480111024,0.02308789506969333,-0.0005703879569409764,0.01371345562984061,-0.011118094008452317,-0.011301963050755148,0.016067941224719107,-0.004837540521293704,0.02703843854351362,-0.0010780884913401678,0.0033897778075697715,-0.026006551321188454,-0.026436700972112703,-0.006344541464386566,-0.004218256597596337,-0.018584769628432696,-0.009540311422824743,0.06419783489855035,-0.008224578373301483,0.009831765063609055,-0.00789540329128613,-0.021001871635235148,-0.02096597629747521,0.013928343409133959,0.002658975367921812,-0.005197019818297122,-0.014875977933115792,-0.028428620322301867,-0.010686563174203911,-0.025439822880400698,0.005150872199010337,0.014647275115748926,0.00013786802901449846,0.004231507929034706,-0.050344627247568496,-0.016396574917962425,0.03108940211131994,0.002499229021850624,0.006374915334163234,-0.013337408212464652,-0.32714874027988117,0.010115409136915332,-0.006539460838212108,-0.011659343196242844,0.003695681101817172,-0.0024818258109462477,0.006030596496202634,-0.0003939486678063986,-0.00751093573990147,-0.018552185925727827,-0.006347126173750439,-0.24458527067451996,0.0011669197215269378,0.00026067899125337135,-0.004921705545257282,0.00789952418563189,0.022701207779391552,-0.003246719377784757,-0.01515321922261137,0.008663010622512957,0.0017937230152256234,-0.007820106118742842,0.06930711063341732,-0.00647954004807616,0.020364490745123476,-0.06535425470701739,-0.012922472576974542,-0.0027643656512736925,-0.012860289842137718,-0.011180107513609983,0.013650466542003414,0.025492605620456743,0.4078328562573006,0.016431976768217282,0.0027119360453156105,0.005289256701871636,0.014715136227380299,0.003526750031596748,0.028201377976074582,0.014031571983878166,0.27209262753058283,-0.019612112014783634,0.004692463926403434,-0.0061930447909617214,-0.004876453349424992,-0.0046906201450838125,0.01042816290760129,-0.019840307173126348,0.018181917907440948,0.0207237791978514,0.001244912129777731,0.014396958166798868,-0.009173385024155323,0.02166693693777688,-0.005548483048187336,-0.0007646166513950448,0.0040195096444222145,-0.0036915117379976436,-0.002972876056446694,0.0006997528835199773,-0.006999001722761022,-0.004362433768619667,-0.016851074553528633,-0.00025888148820740753,0.02588372709669784,0.018623205756682637,-0.011916876696886902,-0.09869994561267958,-0.007468566785519215,0.002652742854479584,-0.004980692798199016,-0.7242382870763322,-0.006309912908136539,0.0007761145679978654,-0.030124419812636916,0.0015019582219792937,-0.46204299183409603,0.010389623679657234,-0.010539989471453737,5.2138519095024094e-5,-0.003172586176333425,0.017726141377352178,-0.017818000483202923,-0.021153284500087466,-0.0029566881962637126,-0.013044712051851093,-0.08817658921816474,-0.0064760468867461896,0.010106767223533097,-0.0007834953080418927,-0.00876102224810893,-0.002113201618385574,-0.023017720805000863,0.01552685045862745,0.019957377985292624,0.006899262617480417,0.015518572400651465,-0.00028858333826065063,-0.07934753426707175,0.002518933641709964,-0.01401955340134009,-0.013413024599117307,0.007179762969826697,-0.00757354570669122,-0.17511881583504874,-0.1632360998423792,0.37535203036895837,0.016217802834034956,-0.01689758493557747,-0.13967642639494215,0.014579638156646979,-0.017053217553439026,0.5495319348301564,0.10126045688321028,-0.013973045871807699,-0.19086778840019747,0.0041654114647826646,-0.0937963511205453,-0.04412985843646311,-0.02554937812692515,-0.016128524433952407,0.10337030142000003,-0.2966564658436255,0.0035423024811507275,-0.0031958252147887833,0.021127054851604044,-0.0061871679306477745,-0.0033400624715795857,0.04087393577265175,0.3333000213960986,-0.0034569551244203467,0.02735065216802468,0.011170629719345015,-0.019713986319402466,-0.016814573555166135,0.003723862519109389,-0.018962891083447175,-0.007284755701221002,0.001176883765765524,0.006994742920142016,-0.0005916052937209315,-0.008705107920832234,0.016927294336596788,0.005982101434710785,-0.009564486823819607,-0.0004957714345437125,-0.013647765632640585,0.006252647182918736,0.022805701717629745,-0.007060936233074244,0.11198515676278475,0.0006564663081007893,0.748803240563575,0.00827297423620621,-0.009591204805474263,0.002725670787413037,0.018989091594448837,-0.007406296570934501,-0.012392802171234507,0.024188766267631223,0.02679783085318377,-0.00019401685494813137,-0.007112237931323762,0.0032171972779906355,0.015618614751019777,0.01245192495161973,0.000962173051902937,-0.025833363892161287,0.012452595436116098,0.0427285284458776,-0.037282880618477066,-0.005664494156917499,0.0009527809861538117,0.00013910501002101228,0.007779663634437384,-0.01599312601820202,-0.0036513658874355315,-0.00949233602386812,-0.005910364699957427,-0.06251508003606432,-0.0025211636457243003,-0.012668915456856666,-0.0022446354387284373,-0.0019113104468715392,0.005007395503071166,0.000644050533992413,0.040272070009450545,0.013930514919138659,-0.0036297567762630933,0.0020987505376979243,-0.009068752189705265,0.20637736793423755,0.009394003810484719,0.006214934565832664,-0.003769904158616555,0.009427282337128418,-0.00712443826944309,0.00891540602196983,-0.016279476456929842,0.1322931943691401,0.004701455600297777,-0.020688739748948137,0.012435745600669179,0.0018878499145102978,0.006043445275281556,0.014492192891339073,-0.02511854900421895,0.17282717849957407,0.000640401494820253,0.09373659726907135,0.0008896659733181878,-0.0014072075946387486,-0.005263500082037353,0.00016688406503817532,0.024642895556098665,0.014824680546553282,-0.033915426891326206,-0.006906644899117964,0.0024154989337148436,0.0037188585861258616,-0.013567022937763795,-0.017374280140757037,0.009821072996625158,0.010242307894259284,-0.0064986167672032025,0.01645776667555765,0.0026285135663783876,0.018614599855027336,-0.0055038560367393075,0.21094172952962253,0.00604107094113715,-0.000650406811701032,0.00556439947445142,0.0029470934950950323,4.438788619154366e-5,0.005311486671416787,0.010704468085350527,-0.01203137599350157,-0.010892067994063837,0.05805447255352192,-0.009589281934495375,0.0043857587515958585,0.008209875154079782,-0.016466829139972106,-0.0009278366311491482,0.023785876563124475,-0.004767073547554901,0.0071290411142399535,-0.014512927989471791,-0.06580844631270111,-0.01835274704353651,-0.0505174545958198,-0.03767096906494771,-0.004775209903499444,-0.34622646354364406,-0.1175262693732293,-0.20445134483429683,0.009500787993601989,-0.0007663422211408033,0.016276959868264385,-0.26307449262139926,0.0025561303618815145,-0.007286609803486499,0.0029267076283758797,-7.709920646448154e-5,-0.05252555935840064,0.012844175643522249,0.00473654360484943,-0.008406931157850295,-0.0032441315281630523,0.011685564657852865,0.0010848611636902206,-0.009436277153326955,0.017286831081548826,-0.0007630373584106565,0.01156620941901565,-0.019650600572276744,-0.13662435867854583,0.014893421464876155,-0.00892382972597261,0.010849792809722203,0.1153394642406056,-0.01342237857852524,-0.005675227033407282,0.005419771387096262,0.0663666938210099,-0.0018374289320490789,-0.00569698319213785,0.004238129266582291,0.009814509076932154,-0.2880929136017585,-0.030863788922033564,-0.003361305571502271,-0.005114120232065034,-0.004668506935104233,0.009137270262272068,0.15851691657007905,0.004143401110695777,0.003555733014763973,0.19093194625384058,0.00543584372553596,-0.01078451523608237,0.0041179073305102065,0.0051736344419168745,0.00735197844051072,0.014625472883381008,0.02278111840951169,-0.005422764229479071,-0.044875488657908136,-0.006816530681135191,0.003347467137245985,0.00010269870654155966,-0.015429526112711756,-0.0023436593339738465,0.006706786680297228,-0.024671613273312687,0.29081465848503285,-0.01922325001169156,0.20788243929246164,-0.008163535409039469,0.013112019366417371,0.015934514434775338,0.007875896363657375,-0.1684993472917995,0.008578096598284901,0.00998231277941386,0.016726035001738637,0.007306233017516206,0.005625053045378081,0.04180619332316837,-0.33687277761418954,0.006835874561147648,-0.006962586638792345,-0.022334268765007437,0.01324929788506779,0.0050369838700135006,0.025240572958864504,0.015224599765360836,0.35377522203634726,0.022323460583947963,-9.427509075976559e-5,-0.004110908972506877,-0.009040682634804398,0.013713002993426926,-0.18763420944526388,-0.025255985696276184,0.3030218502972275,-0.11853121151125379,-0.007238393927764264,-0.004520547170614009,-0.011879435166065377,0.0021738517239100474,-0.004009385444078362,-0.0031180882215267047,-0.015400101273371547,0.020982365963391203,-0.016741288433877344,0.020231248064646934,0.003764428582144319,0.006941817106735471,-0.009724506626525908,-0.07686443536022125,-0.001152248038124526,-0.013338771404050931,0.008983170044302824,0.016394538251006452,0.00025451943156440393,0.003802730944698851,0.034763108549668686,0.014108371376067907,-0.02240919925338858,-0.0009519569885014789,-0.008050251130043762,-0.006369299297148245,-0.011239418996524364,-0.014406897027811283,-0.005329887486880125,0.014070467288547661,0.11037064284573717,0.01378062629919441,-0.004318848484672344,0.006392756199829819,0.018435430150020693,0.0038178064896783326,-0.0069665041937696515,0.024153827938789618,-0.08145409093071976,0.011018986793033037,0.003915523548130295,-0.01867652234250272,0.48002321990497876,-0.00954930808620702,-0.004191186746538733,0.3350681962001545,-0.00967131295828949,-0.0069857289099672926,0.008787429880612763,-0.002432348560887476,0.024317290713042894,0.00159061413796735,-0.09755093675357784,0.049926266910006234,-0.01051331019243662,-0.006304572725184698,0.0031015403092169436,-0.012305519677283883,0.022692146669214708,0.001563972072517572,-0.0047689282932879,0.007728827807909511,-0.03877678232151993,0.0072522185953403095,0.015117964665478212,-0.0036276978407840943,0.018482327517631347,0.005428133564237214,0.021187152961033462,-0.010969808947720594,0.0022779656637794687,-0.049191599846380996,-0.026262390489137033,0.07159625294571015,0.01070320619692211,0.0011151552898809314,0.008341910285707854,-0.04005538241653994,0.00286100324774452,0.029523856067498855,0.006083562254843855,-0.020895390955047333,0.004481313912947371,-0.04328914183406596,-0.0050083106072236205,-0.004548960251668177,-0.022535504443112586,-0.035093177596991154,-0.03145112676520512,-0.029569701564469142,-0.02717984055834677,-0.008138337700984266,-0.0004688898516178597,-0.01121395116945223,0.0002759975029675843,-0.0017212758909863624,0.013863863054211834,0.006562768984480272,0.012378813635223196,0.005367992725950899,0.007626849230859989,0.2403212399514132,0.009402711109942175,-0.00407321578131814,-0.006573357704041882,-0.023814950423911796,-0.0012654830134124495,0.047904157767789,0.38541165384594933,0.009220653269949253,-0.004968203336375154,-0.26894209290094295,-0.00668629404776766,-0.007411957868043828,0.0009423985625289788,0.008035692890189239,-0.008247095694969175,0.00435271910555457,0.015119006058512241,0.0032909465553530026,0.008802027281262781,-0.008619568948233791,-0.013532073041574222,-0.00705215866423714,0.003849011052238893,0.010578998124159966,-0.0015228303054755088,0.01302244559792598,-0.026347732346039265,-0.06222361556592659,0.00978236757873674,0.009805729014260578,0.010964745899400441,0.0186065342350048,-0.013379607038586983,0.00425390981399687,-0.005303941509396282,-0.008206461139707244,-0.0017185834531119326,0.0006013804977555992,-0.00024582364630987286,0.02659179200475137,0.012911273337522289,-0.009068618157016317,-0.013092381377646234,-0.005505229989466898,-0.008669104874570621,-0.006188612263031246,-0.005545323200749408,-0.0217243593197054,-0.006934369615919422,-0.0004339261386121507,0.010325280555662175,-0.009990488482799265,-0.0003128572850528144,0.05656540224691753,-0.007815434895746876,0.010401990879472578,-0.12983909508693614,-0.0024029126414006896,0.041893969238572026,0.0228580349216827,0.008169166618245072,-0.08767053645055967,0.005285249884764198,0.013932329547969857,0.004419497576463982,-0.010459014387606658,-0.020766318464666256,0.002028304310670137,0.02937696777109977,-0.5181608946136294,-0.005413255295934505,-0.007361305240749516,-0.0002812503928453225,0.006292065658726642,0.003412676372761325,-0.013979974247831706,-0.003422859610168416,0.0047994120113799,-0.06474685794819379,-0.019977728247795312,0.016335391605935,-0.026196232071015402,-0.11672505569197256,-0.00481888096453531,0.010130090606793374,-0.012843242879171157,-0.02015224029582896,0.00013340566238184692,-0.0037108689525666705,0.011748395303584402,-0.011957794289173762,0.013240758263947328,0.09298025652785213,0.006158743005244105,0.014502368516332353,-0.021195026722921284,0.016511153443161675,0.04177978766711021,0.007710528093184621,0.11862038744220627,-0.016796716466160433,-0.0006935980691196164,0.02415242320012112,0.010576198826129257,-0.016191678733889603,-0.022828050650332443,0.012659829515541787,-0.006755638009053655,0.006717581668198136,0.15288475993475004,0.019807406042673392,-0.00965093960712693,0.0015137208856685902,0.006236602293938631,0.05894422103312991,0.007999544680387771,-0.0024393782337028824,-0.0072517986751279295,-0.19643949470355437,-0.002442966446551509,-0.018864439284698165,0.004214838282678102,-0.0025727747424753034,-0.003931501491024392,0.0243938306207383,0.33009410702607056,0.16695041657453658,-0.010643279005307704,-0.01960505268812085,0.0123103078094573,-0.025218354205208016,-0.002844774714844789,0.007148893410430901,0.010456445515956148,-0.011653959858449525,0.0028448640787246404,0.0047847146497588255,0.008272906712591066,-0.0949965313575376,-0.00785919197005569,-6.029937753737613e-5,0.009312941532471086,-0.00461466806837052,0.011632668184574868,0.005696552321296622,-0.009048296270066203,-0.0052284222851994855,0.0031365461691166274,-0.021775213903879376,0.21679787189873423,0.009292249184909451,-0.009245324199127936,0.017303838893894863,-0.03065776481253124,0.010727614149800502,0.007366593003325761,-0.02950471656913578,-0.0013523159273063357,0.014254719826567452,-0.0006667768878401148,-0.009551624032610562,0.005467952925869213,-0.016221699750531116,0.04197782449432452,-0.0210733254580191,0.01058235073742253,-0.0017097131326408999,-0.028911543227422953,0.018854604390071472,-0.002870274270946993,0.010207826166833911,0.015547331830020994,0.003607676770116086,0.21828334684096262,0.0117388257458515,0.01892014985651258,-0.16494800186656278,-0.0068005105858901516,-0.022589285907088197,-0.016234163857006934,0.006946033332383195,-0.4734516652329148,0.030693865629473294,0.001055845645169029,-0.008515540917869657,0.022293710747021578,-0.009510835539231266,-0.03457901320371093,-0.0006694315870845458,0.0021084894469822757,-0.01601827024751401,0.006986895731643017,0.016414280467870412,0.2836503575581446,0.011030465851945337,-0.024191100559164624,0.023523828913312173,-0.022898122537753807,0.0010191260234932997,-0.00624429829622386,-0.015314737136577605,-0.003756427156531572,0.0001960219897227944,-0.0006445983331104799,-0.0049422294819123636,0.013835034156727488,0.027286807340942687,0.006793737674342992,0.012384633312649385,0.005881167374354845,-4.97921064379625e-6,0.5247228048901889,-0.1276430634998178,-8.170310462863803e-8,5.632030014623979e-5,-7.304867849455832e-5,-0.00995080502593737,-0.0008324805502866184,-5.610795130416013e-8,-2.3429338380509535e-5,-2.980880094316518e-6,1.2363968919515411e-6,-5.5678707252398985e-8,-0.0915498926769942,-1.5499386472623417e-9,-0.05305289835177973,9.353410415080532e-7,4.9446449494894296e-5,-4.316321789943345e-5,-0.003744739902344918,0.05678448644539458,0.040501693216356216,-0.0015602410079509355,5.1181831587143733e-5,6.531447758403863e-7,1.474541137025387e-6,0.04440593460458331,7.677213792467441e-7,1.735552188839029e-7,-0.0005991886983025552,0.00810853292750835,-9.434163565913423e-6,-4.226451349315097e-8,-0.00475873632785806,-0.0004009481539810622,-2.2552480769379504e-9,3.7197261976151808e-6,1.5037143281437793e-5,0.004296732502488965,0.0010108548461147393,2.5450515013236696e-5,0.00015363914940991208,-1.2713326716785704e-9,-6.501467459535393e-8,-3.176932953144994e-9,-6.345009092093012e-7,1.6877926047875746e-6,0.02524811384455461,0.012855795110226609,6.786990170404295e-5,0.00041922078622746994,0.00015815320632839303,4.910147274050924e-7,-6.330837531466627e-8,2.6723341288170666e-6,-0.018871622076403582,0.3705139791563852,-1.0639253602784393e-5,-1.2667921699405227e-6,0.005330901608431304,0.0002905843160903032,0.01243984348570848,8.985081190848732e-6,0.004371287676690372,0.004250616565968812,2.133550136285134e-6,0.0010412821688277063,-4.191844081152807e-7,6.764290335081746e-7,0.001649540716471165,-3.141261985861732e-6,-8.13964911142162e-6,0.006201423044274179,-6.88731386713215e-5,0.13780265416698967,0.0007684273628427718,-9.665068297429191e-8,-2.7200953498507374e-5,-3.512635098523731e-5,2.6945575366532637e-6,-3.3132544189143354e-8,-0.04536761679139545,1.0797195554079764e-5,-0.00205420076252949,-0.05936606112436493,-3.612492887106189e-6,0.006464227659307653,-1.1445121542164038e-6,1.0566494291954637e-9,-0.00015540703637384468,1.4739768023908084e-6,-0.10082770468761737,-8.514367953738056e-7,-0.003561407260804117,-0.0001103157562418744,-3.667749935876152e-5,0.005636567474766707,-3.180513246086453e-8,0.004123924462589912,-0.0004527505676499288,-7.318838420727891e-9,-5.762119932996128e-9,0.00012691908933248897,-2.378289585408533e-8,0.0027361509427805686,6.675155223290208e-7,-3.5158220738074064e-6,-1.738194689744621e-9,2.2771308298974446e-6,-3.3534243868427183e-6,3.372098439058391e-5,0.037656108702321944,-9.828499089037379e-6,1.9238607641636207e-5,0.0008050028788773034,0.00031345658767634177,0.0028367874564310114,0.00010935076644180697,-1.5085470273790147e-6,3.939533936181405e-6,0.00026190066338926954,-9.067086881621444e-7,-1.116154042177242e-7,-0.0001869086136707665,-1.569611526516801e-8,1.8268369128549011e-6,0.0017373182607229865,-6.128287665177479e-8,-2.3369752938373622e-6,1.3009955414311491e-5,-1.055878983705072e-6,0.0005468360981524256,0.05756247670524317,0.007332487757139461,1.7662488773773077e-6,8.104630377300803e-7,-5.988565573988858e-9,2.9116334743228833e-7,8.662795896796638e-5,0.001806939903019611,-0.00108817273306272,-3.775056073990202e-8,-0.05893741027489341,0.0004311825638563249,0.004167945827816766,9.17130554070611e-8,-2.366851435762346e-9,0.0007872487064659595,2.3756130504426487e-7,-9.896928356623036e-6,-7.385951215053716e-10,0.00012274655784594302,2.3125629811993065e-5,-4.09846443836237e-5,0.0022725780852397293,-1.941861338221329e-6,-1.2023945244413886e-8,0.002527713418203348,3.245855639288919e-5,-2.1928383496128134e-5,0.007160841506447468,-1.7627579802195932e-9,-1.1411340878307585e-7,-2.1206255716027522e-7,-1.201083676027892e-5,3.6985794947541617e-7,-3.620620183553136e-6,-2.3724944708466977e-7,8.803948061131273e-7,1.2734927145041652e-6,-2.8766568278548732e-5,0.00785199187885155,-2.8167608782762865e-8,-3.8031656799750874e-6,-6.001797535848397e-6,-9.286214343973143e-5,4.918107841325736e-7,-0.01341079304984305,6.738500618261312e-8,-0.0036743758957413775,-1.1292005115820514e-6,0.0018776975281298292,-0.024855469480826287,-5.667837947420651e-5,-5.44642611219337e-8,0.00042313463325882594,8.603989473998652e-6,1.9275232019527744e-7,0.0010009722029344914,-7.250231542599295e-5,0.022891405651080277,-3.977760579471426e-9,0.00633583044691477,-9.287326156126596e-5,0.00011225011136417606,0.011151537916703091,-0.00033601266872551605,0.00019385035983709997,4.3732210391889126e-7,6.044987376496724e-7,0.0077861630325060105,-9.09553756700543e-6,-1.4399793011321549e-5,-3.9684568855363755e-6,6.811283144100844e-8,-7.082481993103684e-7,3.3754595559626344e-10,0.0022318167991670634,-4.6032956246833123e-7,1.837666256609971e-6,0.0018456158259869682,-2.9681713621665384e-8,-9.566668365934561e-5,0.01005205727642533,0.117289249006717,-4.119427764112671e-7,-2.4603658916877436e-6,0.08250321737068589,-2.256324667682108e-5,1.86611465691211e-6,1.3467987599116715e-7,0.0010329959418413637,-1.792734749712921e-9,0.0005859452410845734,-1.842398172691162e-5,-4.1857967742094104e-8,7.851560330229823e-7,0.0009718765354023162,-0.06402287767195958,-4.225959526066303e-8,-5.424054373204257e-6,6.0915753736345835e-5,-1.4316387717983048e-5,0.0003890086469127141,0.002383752306002407,-2.8110024551164514e-5,-1.559394896188948e-5,6.702269595565413e-8,3.189951933890711e-5,-0.00017321518301827155,2.8169908001807187e-6,0.00022943896732918745,-6.399716638050279e-5,6.041607875761912e-5,-2.080060278615006e-10,-0.02267174723010612,1.303580272482563e-5,-2.752103993482191e-9,0.009858830815801412,1.2735141158293217e-6,0.0031956330444415926,-0.04590239739741264,-0.0003253564873029191,-0.0047425040118014294,-0.010742896598685547,-0.026480431425170536,0.0037887456134058084,-0.009610057953068463,0.00835509293119685,9.372132526763721e-5,4.316745364496555e-7,-0.025576881947927177,0.0016677669538260886,4.4613457664155476e-5,1.2766511573725214e-6,-2.1905003467570863e-9,9.832679329635496e-7,0.014431830282774172,-9.764172912360425e-7,3.4174240928774857e-7,1.987304705186599e-6,-9.612282736659594e-6,7.598208607717538e-5,0.00026795794893530456,-2.114824434566731e-7,-9.763772077420185e-5,-2.2495574587139133e-9,-7.487989933885331e-6,-0.06561488608895161,-0.0006441335154363514,0.001416500726918457,-3.9953304353454455e-7,-0.0011619051767350896,0.0006006162286098515,-1.980114215149875e-6,5.088347095894008e-6,-1.359778794701727e-6,6.844150546747585e-6,-2.228807182147463e-6,0.0005953142027621539,9.78690737939436e-5,-0.000921183661091618,-2.3693230000870757e-7,0.09248337569260912,-2.7588193691335805e-9,0.005881132133254141,6.820513718608368e-5,3.756358167572582e-7,0.00012173555091088417,-3.6115566576233604e-7,-7.236743430816261e-5,-7.514033449051993e-5,7.4931982243509054e-6,-0.001895179213420306,-4.501439114928951e-7,-5.9830712284991705e-5,-0.004433133943962275,-1.65966343234486e-7,7.490313322124076e-7,-0.07803956403768098,-8.140888793306544e-5,-0.002588466539577894,4.99142839768818e-7,0.006463084495180738,-0.00062025185761172,1.0186282494162313e-5,-2.200102481197952e-6,4.1502590150344076e-5,-0.04447507579061494,-3.715523817504618e-5,-4.694006514704974e-6,0.0012389889415516109,0.0001371980936504258,-2.297221035396646e-6,-2.7190683841212676e-8,-7.14548214139632e-8,-4.1868212425667795e-8,0.03981974551834355,-0.004452711595831715,0.0014923341040002924,-0.00010210931201726225,-1.3015536374748338e-6,-0.12335352338777739,-1.3729147590665902e-7,-0.00012342932562847686,-0.002056416593859467,-0.031152820542047266,-5.6526112888199975e-6,2.4608944151904844e-6,-6.776524734755651e-8,0.0011636552884795037,-1.3566981542645351e-5,-9.505564283612822e-8,0.05307035299301788,-8.569164996726289e-10,-4.3873780246173055e-5,1.3371184570454275e-5,0.00010365651872135118,0.003967337676158422,0.0009234973339289354,-4.4420488452823204e-7,-0.08097477911906026,4.360026118011007e-5,-3.636810355688372e-9,8.759491728835278e-8,0.004854082519386793,2.15746426213137e-6,5.841489928104515e-6,7.694989846207534e-6,-0.014392362843864248,0.008244473687227583,-7.101678754506402e-7,2.1088744463493292e-5,-0.0045238127644466886,0.00027201910877749924,3.1670469224573394e-9,-9.077684700042887e-7,-5.0268512030021695e-8,0.08940872776952347,2.5436714574111896e-6,-1.3911974458546972e-6,-0.0002989505354609179,-4.570991658098267e-10,2.198231286687502e-5,7.591776390292182e-5,-4.539048301666071e-5,0.0048952172674034955,0.0049002515497704735,-1.484145483870991e-7,-6.078684406940482e-6,-0.00010107900940159453,-8.056432179584863e-9,0.0026197462620203282,3.2743006480706605e-5,2.343266317161863e-5,-5.148610267924347e-5,-2.4969078020464774e-8,-2.0108064003210302e-5,0.00014776803087102053,-1.2732591554449196e-9,0.000262815295339891,-0.0028346280322466555,-6.110860058416989e-6,-0.19974797269605915,-2.7057289056844902e-8,-3.325395717124202e-7,0.03136407627425797,-9.381096979649284e-7,8.793153389641262e-6,0.00032011629411954345,-2.4544939473914937e-9,0.021468495857334347,-4.5844426284434147e-10,-6.5067890446350585e-9,2.6193727032719494e-5,3.5452588400541885e-6,-0.016379754523768497,-1.0511904083299051e-7,1.8694069654490164e-6,1.7618122816198678e-5,4.407134336048557e-5,-1.3271238376855177e-6,-6.596398670843939e-6,0.0489166759634827,0.0009369393406259974,-1.7386904132665748e-5,1.5950185870347577e-7,-2.2554631979088136e-5,6.531653792762881e-5,1.0264867327247629e-5,-0.3611948108082288,0.08424611076407018,-4.672680881778746e-6,-8.09840064786016e-7,-2.147546178145332e-7,5.099534993890931e-6,-1.1136602528832515e-8,-1.3360442224552571e-5,7.366123315932782e-5,0.00015399945149585648,1.4940849172973003e-5,-0.06214295777863299,-0.09086464881693246,0.05835700128227472,-2.262686706923367e-8,0.00020510618151092785,0.00020256058615331085,6.339079857031749e-6,0.010873502779077171,0.002737100327180997,-3.6838936120359156e-8,0.00021830076972406687,0.0005186775495147344,0.0018311881360659754,-0.000557351740592793,0.013277186095365323,0.0026272320538112126,0.0002397750015887823,-2.115180071631667e-8,-1.2378968867218614e-9,0.1059968824738462,-3.463683763988562e-7,-1.2125528029837285e-9,4.634945004813873e-7,3.213891426412374e-5,-4.264184854663178e-7,0.02883059304804192,0.0016394056094668485,0.008681981081736012,-5.130946376530332e-5,-0.0005684003473334087,-2.118158270647541e-5,-2.8212142715977606e-5,-5.7465144461588125e-5,0.00039776267066571336,0.1800148309685028,0.01900055954911295,-2.8437024165439695e-6,-5.9065913342593035e-5,-1.8720792100551664e-7,-8.685205626079995e-7,7.000515181709854e-7,-3.4609914649763596e-5,0.009507708448836638,0.015999918894522125,9.811755343491768e-5,-5.035133412878423e-6,-7.156312817357957e-5,0.0010595749535013965,-5.398749571006167e-7,0.0006594175346634756,0.22021380930073065,8.313314782126824e-7,-5.449714504390801e-7,-3.1042088763921782e-6,4.345661577787041e-5,0.0001505280632940753,-0.00016963345873932667,-2.863746992076699e-5,7.755733113234964e-7,-0.011797517770332888,-5.076913745525116e-9,0.000695859239154828,-3.544521110310228e-5,2.7161106014528258e-5,0.020011704426906363,0.00021732231173388072,-1.1884895367852977e-7,5.433749293570767e-7,-5.133796541351154e-7,1.2030070800916892e-6,1.6501757373443837e-5,5.3615572148224544e-5,0.0006108374951878659,-2.393930775390629e-5,0.00039847474117493675,-5.745051570929527e-8,-4.7687647032612634e-8,-0.011573895318178984,-3.025748305507392e-5,0.0005784408837143928,2.3244703770131103e-7,0.00024020964777093923,-0.05809736576338764,-0.00019707724179340858,3.6579340421949436e-7,-2.6794505386673606e-7,0.028739784710069216,0.05059127587082912,-3.3592936429533565e-9,1.873727440815376e-6,2.788730478986423e-6,0.015401162159832893,-1.96016721023054e-8,-2.3140421599732175e-8,6.295253291641045e-7,-0.001564936059615718,0.0032636626852990958,-0.00012821942905461015,-1.040277955435473e-7,6.41157291143557e-5,1.0562093536004014e-5,-0.022311582925389928,-1.9185933848753223e-5,0.011245603394854697,-5.878663874095413e-7,-1.264886239332741e-6,-3.288871704490437e-9,-4.220946423660887e-6,-0.099955475259776,-2.19608150282824e-7,0.001274663510486107,3.682563288265328e-5,0.06152668270806316,-6.93892124051243e-7,-2.2582521548575318e-7,-6.704710285160287e-7,-3.092173298080425e-6,0.00586514601008048,2.2224062532494315e-5,-2.9071314099904377e-6,-0.0016958838459686376,-0.0002468538762130379,1.9693880281557163e-6,-1.1163382000398125e-7,-2.729656632616262e-6,-1.688648990387162e-9,0.04312812670468702,-0.00014674438545725366,8.877373327997873e-6,4.4853899356864235e-8,4.484842979035619e-5,-1.2011109044696155e-5,7.1630424156587935e-6,4.2892021796525626e-5,0.00045099878143162186,-2.377430747213527e-6,0.01632374623841315,7.347941734003882e-5,0.0020693317703717184,-3.5719349114504695e-5,-0.0007452025963772257,1.0646096525235293e-5,-0.17201489948456583,0.00017736740379081795,-5.687387317987458e-6,0.007703297968816969,0.0002373151097216919,-1.0176707155029607e-6,-0.0012570649396366207,0.0014774057655984052,0.006016708183778974,-3.423958547443817e-5,-0.00012514150387232803,1.8341492512341517e-5,-0.0047627661504066054,8.635602290496536e-5,-0.036869424669930595,0.00013538172148486183,6.094277526846881e-6,-4.098889951098528e-5,1.3121686248673825e-6,1.0841882313261664e-5,-0.018556523900770117,5.854843644570451e-5,-7.190458959183132e-5,7.411705742199626e-8,0.0003108956747439606,0.006003870522135912,0.00970120744614178,-3.255829211512573e-7,0.003077655888660047,0.004629243781892001,-0.019836634572129697,-2.053885284902801e-7,-0.01144168712676219,-0.0888167223711207,-7.572951050451027e-8,-0.0020270476078394495,-1.6419404562546813e-8,-1.0833134710952486e-6,0.00017013441578228594,-0.07775262588711485,2.2587709734400718e-5,8.058094035090502e-8,-4.5108906147721395e-8,9.114373784868679e-7,0.0178221701135044,0.046323655551077536,-0.011338086478076548,-2.6176346026751673e-5,0.03892550183775256,1.3847287450907686e-5,-5.526967047142506e-6,-0.0003136155252860817,-0.04589970491542772,-1.870941667759564e-9,-4.463882248195716e-5,-0.009949630283188071,-5.068506648386872e-6,-1.3191454164424021e-6,-0.00039842611725049437,0.00013661909176576614,1.3172051093468529e-6,2.7485812308825075e-5,0.00495436097298807,0.0002803673281945862,0.0005424652310779265,6.770539494738159e-5,2.1957801235039653e-6,-1.3194568436805665e-7,0.03805697578627587,-1.4110662277744268e-5,-2.02017089607218e-9,2.6332629256553552e-6,-0.017474768521424267,-5.520967937683308e-7,0.0004061085686686283,-1.5856599574703978e-5,-2.2360700668855316e-7,0.0001196521363659997,-0.0009038772829796926,0.004550460454538552,-2.0436741037244133e-6,-0.0001803290570805416,7.5593326331890864e-6,-0.012065892816735868,-4.029463109966186e-9,-0.005627001447692237,0.03816310538240941,-3.679760409980304e-5,-5.4485451996821865e-6,-3.765910946626483e-8,1.0284598879195528e-5,0.0001911332979460667,-8.20646775534506e-6,-2.178345215233385e-7,0.00012261680189240565,-0.004894883406223016,-0.008731067752933086,0.0001648668310139101,-2.852093690993568e-9,-7.234351184326471e-6,-1.3607797885173412e-5,0.025116999062447576,7.88466585888159e-5,-2.529186418492868e-7,-0.0016686616858692105,0.02276324049307732,0.02684625511096783,6.209342877198931e-8,-3.903437663765885e-5,0.0687293423943629,0.007969470597799955,-1.5147614344845906e-5,0.0004886442636902188,-4.0316460048206437e-7,-0.00041224016210605896,-1.29049799632271e-8,0.000833330772024965,6.45498759990204e-5,-0.0044832444157805185,0.0002486327097130925,-1.0874749725442445e-6,0.00020323079171902236,4.178178068370286e-5,-8.745244150371034e-8,-0.009595700380430117,-3.197976498636734e-5,-9.546439773411297e-7,-0.0007436011489971861,-1.5943326566250637e-7,-1.6422787360277982e-8,0.0001530879534055174,-1.4003885129287852e-5,0.00040195646694485276,-3.804782109639859e-5,-0.0018065580925394897,6.672451687173009e-5,0.01853487148991917,0.013015200829386231,-2.8559197569055783e-6,8.906046581810823e-8,-0.0929149233197677,-0.05067262291731822,5.9286475426745255e-5,-4.600998921588939e-5,-1.1083916779731397e-9,2.4941933460365107e-5,0.00016471368862980285,-1.3725640969283748e-7,3.87857700401284e-6,-0.00014338647896394718,-1.6006114195166177e-7,-8.032089442583379e-7,-2.7261117516719224e-6,0.0002374617686271563,-6.034855714043275e-7,0.00013379902795662701,-1.384858958022872e-6,6.986559907828926e-7,-0.020840439621679252,-0.00018752421672929565,-0.0001892755372558952,0.0032231930467787606,-7.485273996077346e-6,1.9956017283974392e-8,1.503624670745607e-7,-0.09880660882663506,0.0017053653356811083,-9.325292372845684e-7,-7.6130848367661486e-6,1.1334758375225462e-5,-6.82318444883423e-7,-1.7836669961857066e-7,-3.1676042374501057e-7,-3.003399143075569e-5,-8.185551425739235e-8,0.20115294969582465,-0.00041674657001067317,-3.637512113474628e-5,2.988089485711498e-5,-4.293561388043522e-10,1.0776633178721795e-5,0.02359654712221726,-1.1126759774798822e-6,-0.001439399042567402,-0.17535813836730085,-0.0001408727623926076,2.1945256275524017e-6,0.006557674917530676,-0.00989702241622581,0.000681862030631919,9.896760670979887e-6,-1.054614779705254e-5,5.885268418825973e-6,-1.6362013852688762e-6,0.0121549490140751,1.0801841493768283e-6,0.030501874716719612,0.03189600098903611,0.00020229661310722236,0.0033218562443835253,-0.00018518196277028665,-1.451661817752914e-6,-2.1520063131128496e-9,-2.6989714354934413e-8,7.452159645621181e-8,-1.3859611666000582e-5,2.198086246699149e-8,0.00014597842461228083,-2.6141036728929284e-9,0.0002601782008326836,-2.5360324542589296e-5,0.000367319373530961,0.00602930359576348,0.0008681243319870191,-0.0022033980942524067,-2.1128227988779363e-9,0.006225626439345433,0.0002374957285908863,4.523421643504166e-8,0.0001967643550777609,0.0208014057152468,2.452029315946902e-5,0.0009203760687022111,-4.232537569905104e-8,1.134688113557658e-5,7.323402213543773e-6,-1.9107560123021727e-6,-4.633977667561906e-7,1.026128838010898e-6,0.004752740685489698,-3.7504909615737603e-6,-4.467304068667133e-6,-0.03007786444732119,-0.0002241943294336579,0.0009926984179742249,-4.8696057866948195e-5,-1.1131360551711045e-7,0.05937170097058697,1.4949190814961266e-6,-1.4217212514038013e-8,1.5977201828221155e-6,-0.19197412513130985,5.1189471359652794e-8,-0.0032514903658693584,-2.2638551257669892e-5,1.1037747803310793e-5,-0.03345873680359546,7.567847531531058e-6,-0.002018096689482718,-0.0053425123564920796,0.00012568272641999556,-0.0270428524545423,1.0343679114566129e-5,0.0023326797099230134,0.0074777243294192886,5.8926870615927385e-5,-6.157051973473826e-8,0.1695282934797433,-8.293657150204581e-5,0.00013865232512699777,-0.0003201733758757541,-0.04111145448223397,-1.4296673855052067e-6,-1.7910506106000312e-8,-1.4694879993826931e-8,-0.00020066859903522527,0.0008201057412691171,-3.173611986227731e-8,-0.33948691491241334,-0.019652340939956048,0.00016365860610889627,-0.011822172641217321,-0.15517947478292626,6.1595229783328875e-6,5.4286177973983385e-5,-0.0018031017544899441,3.69225019869468e-6,-1.1579282408521324e-7,0.025806205474509625,0.004337883634264017,-3.8038817535834824e-6,2.0949896172073323e-5,-0.0001540151390599931,0.00048145556971235237,-2.4497544884205524e-5,2.804838557240487e-6,-3.5114604517833513e-9,2.738252366310534e-7,-0.10741094311742927,0.03335312119952505,-4.387912661751869e-5,0.001862912552041962,-1.086447328824125e-5,-2.4822821185432886e-5,5.5489429818395e-8,-1.83391367925001e-6,-8.655484232122923e-9,0.02550517201780167,0.003698587884684912,-1.5816772110932575e-6,0.00011569018535695363,-4.545468587968671e-6,-0.142936974546501,1.4456847610144763e-6,-8.399181510965192e-6,-0.0017987183491903203,5.614622816153825e-8,1.5023350136839086e-7,4.464256140401801e-5,0.02342461848820676,-4.896714648344735e-10,-4.389492273826345e-8,-4.728565867855028e-11,-2.0156034433949088e-5,0.001843160273719724,0.0001383045863221355,0.017032053777711553,-1.3943997141802056e-6,-2.7516671599484357e-8,0.029992143408890115,-5.599567584013698e-5,-7.418423218219505e-7,-7.232681176333466e-7,-5.468479227820414e-9,-9.042908703804642e-5,-0.00035322072645982416,-0.09245329373766253,-2.8675922656873354e-5,0.0023109421750859838,4.17277948527861e-6,0.00010437080819514222,5.689963708532808e-10,-1.3593017344354363e-7,7.177306018490981e-5,-0.0011338293732023885,-8.73651010380172e-5,-0.0002545283077566296,1.4123481774319657e-5,0.007158939693226785,-1.949476189921917e-7,-1.495158802192545e-8,1.959375462157187e-6,-5.7397549886317734e-5,9.583613181440853e-5,-0.09221916405294905,-0.03126589834482729,-1.2125182863136075e-7,-0.0010985711692228506,-1.0229513976195426e-5,-1.2463669038176306e-5,2.8141045032431533e-7,0.000901577612321347,-6.997458563105796e-10,5.402293676226577e-5,-4.309027776905339e-5,-0.025069128218092374,-0.370149621659948,3.46379158466803e-5,0.0010204080179505581,-0.055198462738189846,-1.3203567008832073e-8,0.4098659607479931,0.001153032180639002,-3.936632360668213e-5,0.0005406324207797297,-2.849734063526191e-8,0.0005031864540185893,1.344092484867332e-6,4.3424946598313863e-7,-0.07178386061059427,0.012412706016220909,4.632566234091806e-7,-1.2743820495264568e-6,-1.4804081277519643e-6,0.04977263585533365,3.693575156660245e-5,-0.00016777065974693528,-3.1275825493901413e-9,-0.03709500059403581,6.566250904782578e-6,0.0010867118759065875,8.980816774278866e-7,-0.07340753385392418,1.1635985811414562e-6,9.580503241776728e-8,4.421812901611588e-5,-0.00017723062792640576,0.001565664069218542,-0.027336858320722968,-3.9663499656547585e-8,-3.946745380234429e-7,-2.413506750842398e-7,0.021707219964810065,0.0012341273871925296,1.085752367324666e-5,0.0233306116242602,0.10774063999633654,0.005962988965734439,-1.7064179331713336e-7,0.0002526066729018339,-1.0681430066827868e-6,1.4361311259092346e-6,0.028093170134070533,0.00019484451698303928,0.033907589889167866,0.00038293997703675586,0.0007220535644592019,4.301019651653526e-5,-4.63609294736652e-9,-1.9705256956974865e-8,-6.274003474804335e-7,2.9640606549752313e-7,0.09016733176031266,6.823123648080909e-6,-1.0428465562650757e-5,-0.012361715788756555,0.0034707508170868095,0.013777989319805783,0.00014134096579709876,-0.0029133879367009285,-3.2939808237042456e-5,-2.8940233748886435e-6,0.276517322712607,0.00014603533356094545,0.0028206059444073617,-5.758064647132244e-5,-1.7055384958497566e-7,-1.5855018362445628e-8,0.003868115241857595,-3.1784700159939554e-9,-0.055567895907643106,1.3506411888020153e-5,-4.482572150922223e-9,4.469259000439152e-6,0.002032667720612835,1.3000259272200054e-5,1.0424055645052999e-7,0.016650084341563343,-0.0144797324164756,-1.1822279484888232e-7,-1.2064755071095057e-6,-0.0008048483773848147,0.0028132590965412874,-1.2350481315426265e-7,-9.921093710799078e-7,-9.822111818547086e-6,-2.6557212854175227e-8,0.14569213530739944,0.00017969266911421755,0.002852859349729897,-7.888579785057803e-9,-2.2424173433677197e-6,-3.34296964828e-8,-0.04268028456229267,-0.10978658875501424,-1.3647496789614966e-7,-0.003911582519123158,-2.734128710219462e-9,-3.424669738905095e-5,0.0004181501893896211,3.6642271976361496e-7,-5.894373817164067e-8,-2.6359137080822492e-6,1.3675964263271112e-6,2.5482903016182945e-5,-0.006187601477051885,-0.0006632426327541907,1.9234423959901825e-5,-1.9664781655804285e-9,-0.006520439022551727,0.00013460355551586645,0.002791261037600634,-1.906217183389458e-5,-1.1687628021173069e-5,5.114620631729849e-5,-0.00017715298990239603,2.2142047188811187e-7,-1.9175429016193846e-5,0.03429014023095078,3.056132870521422e-7,-8.986847663594588e-6,2.1506761287426457e-6,-2.188188654925205e-8,-0.0006010250480130708,0.012076304272795824,-0.01331782865850073,9.350029347987565e-7,-0.11572740067094855,-9.698731200536576e-9,-1.3134617165059224e-9,-0.0028175007155368803,-8.494307931172784e-5,-2.9469629485134874e-5,-5.2708680498350646e-8,-0.0015984761313347917,-1.945311698748134e-8,2.302857859159957e-5,-0.00014838178549325676,-1.8291316897321025e-8,2.24311183614212e-5,-2.8645596330534318e-5,-1.6690159134781501e-7,7.338895821329405e-7,-0.00021550820014049066,-6.532087173383161e-5,-1.2809202168950762e-6,-2.5551499054365934e-5,3.3405013097898006e-6,0.0003581784581658809,-7.722423705364134e-8,0.07871628696921107,-0.000725520486980713,-1.426646202218329e-5,0.0012479509589127247,-0.24407162657007575,-0.05229265345587919,-0.20860103876384528,-0.022450917017579286,-2.007111234159087e-9,0.0014150478567671598,-0.0007983784305451991,-5.8827969217745135e-5,-3.653408043105544e-8,-0.09144226894613894,-4.184370658988357e-5,-7.332079099836575e-7,-3.338081778548642e-9,-6.954933095770777e-6,0.0012289882819231934,0.22571934341522137,-0.0348779367741372,0.010911293644994657,-8.288182097027086e-7,-3.521366278291804e-7,-1.246621827771452e-8,-4.2309506149251774e-5,-0.0015387180621928565,-7.328952719648854e-7,0.09890033781994134,9.688724673884153e-6,0.0009083637822868695,-2.403616168766831e-6,-8.377875829523873e-5,-0.04804395200153522,-4.197542568862289e-6,0.0001090402400585333,-0.00017421804831485588,0.0015505236617912033,1.5064406440501443e-5,-0.00013257752993922622,-1.2720658376479121e-8,3.197211965733082e-7,0.005289189725999677,-7.335136618318028e-6,-1.3320327298060874e-5,-4.816635961743055e-10,1.742193252241009e-5,-2.023391124355428e-9,-3.559653001516949e-5,0.07465652258451883,0.0002722599600417652,0.0007364443959876343,-6.317939685480944e-8,-1.2886362721798057e-9,1.3193381594167608e-7,-7.014419252548976e-5,-1.2076524233406438e-6,0.0012651456767116542,-0.0035582910759330844,0.00032376583612858667,0.0026191034458520335,9.585844503931518e-8,6.667145504790639e-6,4.85532106048181e-7,-0.002050783610684448,-0.0012921294264742755,1.019210396982495e-8,-0.026085073617650778,2.3226858550384755e-6,-0.0015248537889647196,0.009697265446902747,-0.05384241177603144,0.0002629712761006431,0.03891949089302216,-4.5544746821168935e-7,0.0026446242993642954,-7.1118757504189806e-9,-2.891387503554943e-9,1.1603291460993148e-7,0.004308750322365995,0.0003811007164244984,-7.157758721954011e-6,-0.0004622336430344376,-3.2901587020406353e-6,-1.3739258172551505e-6,-3.98630904874242e-6,-0.011727460846330473,0.0032131940373574253,-0.00016595471957003838,0.026567541021904617,-6.7232615830973425e-9,-4.473553275041731e-6,-7.056934481219912e-8,-0.05749652703434549,0.00018582632165120572,-6.986225024263604e-5,-2.176978809460134e-9,-0.02663406837018556,0.11017970079410588,-8.51031843041028e-6,0.0027090947798171783,-6.658933382891474e-7,-0.21908649368015176,3.592639429977895e-7,-1.3196712730367821e-6,0.0003192831005804919,1.4704985841218488e-6,-0.0013407227916104603,-7.359177714022502e-7,-5.905322840549232e-5,-0.005337121810072176,0.0004535356317383332,0.004915423456850476,-1.0845489365252092e-5,-7.680702813778889e-9,-3.004445992883277e-9,-1.0394564782523208e-7,-1.072165727554475e-8,-1.382041674269363e-6,-0.024018998359679244,-0.068998217691842,0.020018873002300097,0.000218045259146038,1.3897605282420233e-6,-0.000364103378785785,-2.444985419056134e-7,0.0006812000995637391,0.00016705813654738222,-0.08175409792420396,0.00281186078615292,0.003192729055015775,0.00026933331658085535,0.00015172463086088328,-0.0532223078480456,-1.585902243521342e-7,-0.018912103903858224,-0.3248329146299511,0.0013792537099561741,0.000765512515613409,-0.00019676875130514304,-1.3324428362309487e-8,0.1536194218424498,0.0017434737892472185,4.0673712122796246e-5,2.642353343768056e-7,0.001076616360933258,0.0021154211559917258,0.0058299467173128505,1.9735147282151644e-5,-0.1623572718090145,-0.005727915081479296,6.969574957604863e-6,0.00040314925547590974,-2.9554693622979578e-9,-2.160457965359828e-9,0.0006564886629689681,-0.0015506526124227094,-0.00011757660996991603,0.0012594149191471615,0.00022293784181748322,0.0010707631764752534,2.2748203073685858e-5,2.0087838391802393e-5,-1.8092527397414737e-5,-0.0056678801083762664,-4.776822474328313e-5,7.547747399883065e-5,-4.902103159176718e-6,1.9577249665836405e-7,-0.03575826790984138,-0.016772981281064858,-6.605530620679145e-7,-0.004381677779747406,-1.0877441053457927e-9,-1.0866525895075752e-7,-4.48766185225935e-5,2.9153761809536105e-7,0.001283510919620312,5.401778650632183e-7,2.646727808707644e-9,-2.340539650180773e-5,-0.0004515708060921497,-2.796617845233964e-9,-0.0713698470062809,2.840082665622745e-5,8.66532319960811e-5,0.01592347674704797,0.00033941173549578707,-1.2586022906692362e-7,0.00039505657925786863,1.4584463919713186e-7,-0.0008450431475921505,-3.419131279960158e-6,0.018837818293832242,0.003522354179949616,-0.00014459366584773647,0.0054851278141541115,-0.0007062410980438472,2.6617078770913016e-7,1.2572478771843976e-5,1.3501204840782322e-6,1.018073285952159e-6,0.057449673462542705,5.62187602845543e-7,1.1859728366210576e-7,0.0013918535736934246,0.0005208178300790678,7.002373193960854e-8,1.4668641421522466e-6,2.2471770610432706e-6,-3.1508859648504695e-7,0.0023946074177274568,8.571706758830899e-7,-9.16019989353166e-9,0.04055470658931881,8.822851231722606e-8,-8.522815204692336e-5,4.149765887806467e-6,-3.5896791422598134e-9,2.5797981678898907e-5,1.0842628215046446e-5,0.0003360261868010639,0.001702120688037212,-2.672861279268829e-8,-5.988604869777703e-6,0.024834149104208336,-1.5832342236494698e-8,-1.4209925879721252e-6,-1.8798185461577077e-6,-3.9682534655818835e-8,7.699742841982271e-6,1.7680441762382704e-7,1.8780616622970925e-6,-1.2609586024642239e-7,0.14443184213450877,4.956196697492032e-7,-5.5200985336512076e-5,-1.9607465584492445e-7,-7.576393854236141e-7,1.292426062456109e-7,-0.008737893184388668,-2.2588885640328904e-6,-4.02970456742785e-8,5.567932586325597e-6,7.641022716597945e-5,5.561036749313075e-6,-0.013225066049926681,0.001133572283485762,-4.464336978782582e-8,-0.00010592291933164688,-1.7548099398058403e-8,-1.2378633953424867e-6,-4.9899581968659845e-5,-0.04490848488785559,0.0043777327396128385,2.103844572762248e-6,0.000538654708748254,-1.9747307767985223e-7,-0.008987221310235327,0.0001225395378288141,-6.747218594682636e-5,-0.18140361885889433,-0.004904412417090498,-6.252001818196629e-7,-6.635355461193093e-7,3.517004878084151e-5,-0.0011532453306699608,0.007000190009421203,2.0327003676622046e-7,1.4548747630238612e-7,0.0025065900927074836,-0.00015149975379635805,6.360660546045338e-6,-0.014390398602699861,0.007217412607133156,0.0021955521415293333,0.0006948442191969662,-2.3086186114358587e-6,-5.647144239867563e-7,-0.004553515433144639,-6.105709115900027e-5,-0.018551432960521197,2.477420073587755e-6,-0.0010648253200997715,0.012388501469104085,5.000584849979006e-6,2.4642194295515507e-7,8.823570527338731e-6,1.5482757377213718e-6,-4.9164211858965245e-5,6.165189022772077e-7,0.00669851925704279,-0.21342300972901285,0.0007283051645856631,3.7910182239253576e-7,-2.8810015109570486e-5,0.00037051719277769735,-4.590622778911403e-7,-1.862897276597251e-9,0.02112787696023588,0.0006272879736470283,-5.577403099588096e-6,-0.008876441466554752,3.591204212782806e-6,-0.00035684016620507464,4.387631980184992e-6,-0.0010289053006999893,0.0007359551046590695,-2.6913902152932156e-7,-2.217548916230716e-7,6.467234257290233e-7,-1.2806120169286603e-8,-1.2901357553237944e-8,0.010844141022971598,1.4707311956629887e-6,0.0001665597103439609,4.851897608215694e-5,5.8800776303602476e-5,0.045859359481255524,-9.035033668761908e-10,-0.004290941036742879,-1.1632627470873139e-8,-3.765037272099661e-8,-0.00012064020970115052,-8.051608399103904e-9,-0.00016157302066233115,-1.0085283033397022e-8,-1.2560957393572408e-8,-1.4372780022565979e-8,-3.253634122124538e-6,0.00345405002735788,0.017947966380233993,-1.4415888920316089e-5,-1.706244676380475e-7,-0.00011642452132321068,0.028907670184707968,2.5272189489167207e-5,0.0053161263931542635
0.01638275506957143,-0.010381953424030144,-0.004482618301153707,-0.015820371107110986,0.07865274018695345,0.006315943961681114,0.021284282009673916,-0.0048901433301580255,0.034268547145984485,0.012660623797273729,-0.06688473122267169,-0.04485355778160738,-0.02129020912343549,0.00922397893922522,0.002255507669360668,0.019518294805493497,0.0012599274091371626,-0.016443265782072558,-0.009819642644288251,0.016473600850076764,-0.004954966619834522,-0.055470250335702076,-0.0017603001897441573,0.02127286967515829,-0.017005016946313845,-0.0116806840424033,-0.17417788233069587,-0.04864639707375318,-0.19039135498314863,-0.0009522709507336913,0.0023755255288051558,-0.03202669816437265,0.029544675434181045,-0.07567786084109684,-0.03731946534389863,-0.037802117152750725,0.0038342242628459644,-0.01321785422760513,-0.021217710303744752,-0.012574261824738642,0.0023478859966417076,0.029848949056031415,-0.006180437463171984,-0.004668016929372243,-0.0011104875707133033,-0.00032347417038636195,0.017815975179701127,0.023210477664179052,0.006185617812661803,-0.016837947277167586,0.01630248197693618,0.04247869817663741,-0.0034717078804078483,0.0015116758398932006,0.01411526962561993,-0.0010041399040687793,-0.0009452342123950075,-0.018332021736114257,-0.024110587657560245,-0.006478827212959004,0.022291722775662492,0.010640079633958521,0.013941460402747907,0.032947986049521205,0.009290895398407883,-0.009080090509087313,0.003612320454521978,-0.13880615739662971,-0.12068815796283161,-0.1436650420910155,0.010399203145425417,-0.017778155122869066,0.00642900607908814,-0.009480645817347977,-0.2935175061015798,-0.09519624656240921,0.0020055110835528467,-0.1296829311431793,-0.007177459266813457,-0.017817273306718562,-0.021710421490752196,0.021590662226117274,0.04307746528502321,-0.005298372929473771,0.006276100402715201,0.04476175664967741,-0.004196721218249877,0.0036134303954895586,-0.01872859287141182,-0.005871504237802583,-0.09133300914982101,-0.4761216243969102,-0.015312596880903584,-0.03959625424931801,-0.016089603119326057,0.036900643172884884,-0.0071458375155089016,-0.001921304623465403,-0.025314700358649134,0.013147308167390293,-0.017388404549649294,-0.18498624142830522,-0.018733916707788012,-0.06306686985681154,-6.774544493737267e-5,-0.052671474895760184,-0.22215477745658063,0.002219661848357646,-0.05573464574126774,-0.0023657447031837364,-0.051079016955554835,0.06564110206090845,-0.0010752143170975614,-0.02273482109012548,-0.02457910847988387,-0.00012247448739799438,-0.004781221859957441,0.018575984890503605,0.01671891988371499,0.010864193342513317,-0.023534926766956232,-0.04697781561026204,-0.08321687154239044,-0.0005588566646110849,-0.10912465863293619,-0.24665128712149453,0.026668046474696894,-0.006765753668219077,-0.00831103359178087,-0.00430538896807775,0.01980493777864467,-0.22453677233716007,0.0025765510008568526,-0.07715062529860006,0.009935950239196245,0.029631965353473788,-0.3532501747567949,-0.0017813981758081354,0.0029007364285007498,0.04194967431249097,-0.06827896476988826,0.0003248797977448703,-0.003992495864167722,-0.006330986665489036,0.03198509254025339,0.025329275332296675,0.03438232963981136,0.01598901633406058,-0.01639025263284566,0.02181268930871738,1.2804184734704904e-5,0.01006139125502159,-0.04940250634979293,-0.0012617995935215731,0.005608260404187604,0.00511556395849766,-0.0361228351630416,-0.02601484619481198,0.0020767751784660504,-0.033016316518796884,-0.01009136490642959,0.001489846937602124,-0.023112801605748245,0.00416579195302802,-0.09866526752523441,0.0063556953573424835,0.006834223087025748,0.015226543536300596,0.043825804967127624,-0.043531762345082825,-0.030251055448388797,-0.039512942993496836,0.010924257357828537,-0.0012869617085016216,-0.004501693389102002,-0.004955882814329016,-0.0015599513571942225,-0.013573167138019926,0.016918872445330635,0.000650760780587234,0.010466878212355368,0.028701960273792793,0.04246710177176283,0.01865656211680289,-0.0008944670880737249,-0.019699962767845136,-0.0016825823540784768,-0.03532631116104312,-0.023748489200443146,-0.04556662451250304,-0.005829229192386265,0.020222293689585058,-0.005830829657497816,-0.03258098190235614,0.02270495236871284,-0.011506203771205037,0.03616039933558568,-0.006823608368449641,-0.0014145923300930008,0.0004101922977497452,-0.006185829231114326,0.008504904864821583,-0.14921244091783592,0.01422734204606968,0.017270810973855077,0.015213530452456325,0.008098330496977724,-0.013457727966397215,-0.010611523841930648,0.008022651395549474,0.010669801702533732,-0.017978463434701553,0.03151276175867679,0.004093583227358977,-0.02868619530408978,0.016362078526071855,0.031705776469152624,0.0054844811063503585,0.044847648199720425,-0.13468160430738862,0.025051990272686453,-0.012451354912627721,0.14110119603719795,-0.03470159672360751,-0.008879265139512427,0.0009360325038869632,-0.00935071517653796,0.02398892273004094,-0.051686365659406874,0.004449213043699274,0.010909745490153,-0.33509341159424366,0.01836325383010262,-0.04795835758295652,0.012410817882482661,-0.003893964189956023,0.002591883702280029,0.019893200798833277,-0.6480430896408507,0.025360391240155877,-0.02489000642708561,-0.018489934603621805,0.01691410086095857,0.018978327386321325,0.020623834760272075,-0.005030627720429948,-0.02343614172514208,-0.5723344960697432,-0.2710785657418455,0.024223280755904852,0.005106172426451394,-0.0211222062825982,-0.0082264284210396,-0.01446857859582451,-0.006079204400521121,0.0004748315436700068,-0.040055290098734986,-0.0055097640670283,0.01041645281475212,-0.09484877037721162,-0.006017312992980806,0.0011099588618890266,-0.0021346537687350065,0.0044443475890147965,0.04947186033223261,-0.00033641997083577735,-0.03375674882227031,0.00906412190215633,-0.06750434819377915,-0.0059824322852364276,-0.29480731975672825,0.0020140100818935025,-0.019162256099207298,-0.06683350748392058,0.00800763137328886,-0.05374924598891084,-0.003610127685988118,0.001080852711083935,-0.01671004780109797,-0.0018212439058515884,-0.11620463047529483,0.03005036396120886,-0.007732092319201911,-0.0032700079045753228,0.02104579649039806,0.015076872631425431,-0.003420892289341282,-0.3153481508857112,0.013943406733233132,-0.03342020481068175,-0.018580752771413245,-0.012892369816654536,0.018733713379333494,-0.0151780735711462,-0.011937289248180605,-0.05616160940280679,-0.06970812885811029,-0.12567268133943799,-0.025485029947049043,0.0425334434985416,-0.02898040534410029,-0.0004441194955688843,-0.1433587478904883,-0.011987018055606313,0.00617898707423592,0.0037219148225631216,-0.008822636670629436,0.014178693391386332,0.004080540536961053,-0.0028381961637933273,0.003616574264015071,0.05373595839114387,0.0009308725511800731,-0.009120859504946566,-0.07239785516503616,0.02165467006398103,0.01911919515978866,0.008268554051028332,-0.0015120578327696421,-0.0004899443265458103,-0.004167605974828348,0.008673487639505595,-0.02849599045521245,-0.003719700273450144,0.006127678502480194,0.022155017933528143,0.00622722573007195,-0.022752694925202377,-0.03291385866214114,-0.02661757751047844,0.03308457025735834,-0.008615432866918127,-0.010775052932331164,-0.01572083520795786,-0.013868555085650769,0.00433389214822455,0.04843821906251833,0.02068143513133691,-0.10514262884544223,-0.014199662173268734,-0.05128845331455523,-0.013308712470461614,-0.033791786020174186,0.0026459171476744814,-0.03170822617903468,0.00184749830441433,-0.0014868493763060542,0.0029286860117849756,0.006237440295080887,0.03325594116023467,0.0013630310891130648,-0.49702794932636607,0.012491240361555356,0.006836009246399044,-0.30944629294572223,-0.0016710468679548285,-0.11788516500473634,1.766025980032282e-5,0.02201106251519036,-0.16722705695428886,-0.004480652603888302,-0.003438544752953021,0.011334831574458804,-0.027500664042690914,-0.03129063528331244,-0.015964086987878545,0.014694932831844199,0.01003597537510359,0.029830209666897645,-0.01156002705283754,-0.01186070008554907,-0.011876834964368754,0.010275423116468119,-0.0020166134270311886,0.01666588724765461,-0.026056559133621704,0.08371989443753591,-0.018290174381036195,-0.016827029233468238,0.02804769824433606,0.010405239961528423,0.011902013018243451,0.0066440159491776285,-0.020347567908174824,-0.04736514641172107,0.2116793649547617,-0.006967819483179483,0.0014819908728895825,0.009217649743732181,0.01105008121658102,0.014388128060090821,-0.03463433655588233,0.010646786788583995,0.013130206046753301,-0.004389644070840859,0.010378074122854741,0.01111442857518341,-0.08562175651240977,-0.030378895409739926,-0.0030658649739052635,-0.014626897771904623,-0.02181461958980435,-0.07827020794866257,0.005067401077837985,0.005184648909562384,-0.002709219656935602,-0.0038849816610309063,0.02527218914065088,-0.007930464113997004,0.03011418820392464,-0.021914672203024566,0.03996973726498254,-0.019111482410608005,-0.02427515664078328,-6.034260877640918e-5,-0.00028854436641267966,0.009521294779915479,0.021776519593004195,-0.023327255868935026,-0.035735690737510595,0.0029901512043579714,-0.004308434970880626,0.006358197162626311,-0.010481500316018355,0.024270370153317344,-0.027923827389258804,-0.0028966788968318724,-0.04881983562518144,-0.013568294354854515,-0.2576941741799601,0.0005794222097392776,0.018661415912902157,0.010513965726204333,0.0013691282961190154,0.013887943410580306,0.021850419343536487,-0.01955911637924146,-0.029266570283652982,-0.019277570083431783,0.012451239106212597,-0.018955039812681207,0.010045277475001058,0.02206624610334984,-0.009864462601399282,-0.05397550534871698,-0.02248772286111489,-0.02502365753207414,0.026241272885840772,0.010347441834653637,0.01710302944320574,-0.02815907723697819,0.012201155910815942,-0.03845551216727472,-0.5232131642806053,-0.004687430278863758,0.029224655547210432,0.009471592452428013,0.02075784124463098,-0.06321878111702972,-0.007405264789667854,0.010791792592499405,-0.47507846042390156,0.011089224393799668,-0.0018290698762939428,0.022784165035091064,-0.003462246102571953,0.0072563899952911015,0.015631998772050792,0.014167579293825838,0.016392107758292696,-0.030026083271764037,0.000598247215293668,-0.02456071795313619,-0.06060315067350075,-0.03296086040973023,-0.11059320113281501,0.013851161015622893,0.003433763274415469,-0.0038736491883355484,0.0163638670801447,-0.004378690885005199,-0.012105094052458298,0.009021826734169736,-0.017229908925855852,-0.02733999259748998,0.00038487719757540617,0.0033464993343841343,0.023503393023929675,0.06383617069695902,-0.062079579131932405,0.009633540967342924,0.017486236960394308,0.0180753008917236,0.0013708714650420006,-0.024944768520299476,0.001824687794851343,-0.0033224551125385915,0.001656756723775743,-0.011826152698859005,0.005901708189256283,-0.003021971685761571,0.011507237452832442,-0.015544938017455934,0.09218299479653069,-0.10304635710986076,-0.003785423054068815,-0.35694592769868905,-0.004110912261978683,-0.009604827901739554,0.03055559720587553,0.04118302390725148,-0.017550215914525324,0.007948026451231271,-0.009714937069475127,0.001904572639205071,0.008409245915743213,-0.00859351512235662,0.08669374053761203,0.01416173787970365,0.08186012883561489,-0.03602893195022716,-0.005857695247868833,-0.00215116807925142,-0.023628236357126298,0.009523100662363504,0.0028931187996477092,-0.030399027741395912,0.02098070222905335,0.008595861036155839,-0.0016468945366341359,-0.007378780188446399,-0.040076978560364296,-0.01022272680347669,0.577086512792448,0.004157263892921037,-0.0003640654158516554,-0.0019450533964118222,-0.0018204806581252342,-0.0012372638254873891,-0.00228964786947472,-0.022291163262252667,-0.007310077439228735,-0.14442801171753672,-0.016787218860145003,0.005429615124512566,-0.043734635912187514,-0.032010442478849654,0.003003551576512109,-0.032746748544013826,-0.004994094123958348,0.014893095925799571,-0.02765402796012495,0.013800502448248153,0.0036468266333713473,-0.020472235617944534,-0.16565331288597918,0.0037737689690402476,-0.01354007028930937,0.06377699574932194,-0.0015773287137790248,0.00040791842229737085,0.009826931160205277,0.01141865652323304,0.031922017612942,-0.06836825760017007,-0.11434388381167082,0.0019820229599787353,0.0013144712855819307,-0.004879508312797043,-0.23614302364330797,0.02667293338026866,-0.003451498261370034,0.01854290325900365,0.052202412923634256,0.005299240982822084,0.03792472713303141,-0.008779121665611456,0.009012356335006189,0.017557279439188278,-0.0023199445315640332,0.009843604837442399,0.0028597216477095344,-0.021899178424064303,-0.02701911410736102,-0.0061267433302418794,-0.19795412244093313,-0.02482584971221513,-0.25852201372879335,-0.08234024531338946,-0.04642709791323796,-0.018938931513048374,-0.10402145451371325,0.030986096394371998,-0.0041391620188449,0.06057255491441538,0.009553404992402648,0.01784642457641894,-0.018055818798075052,0.010884341087148641,-0.012425436781541066,0.020722763685625978,-0.006679458595726828,-0.009062500998879841,0.029986712047502806,-0.0511381505693862,-0.009274068581362371,-0.0023232705721056846,0.04785624525993626,0.1108238625965896,-0.005946843510173494,0.023170063813040542,0.07036200957554684,-0.010961638787193806,-4.705676656158175e-5,-0.007570414403517134,-0.01437693305342691,0.03520645189928473,0.003580160457204329,-0.0930406044008123,-0.005714781462302199,0.03621656048380828,0.0024028178213484352,0.0026076622707478236,0.009831147767727089,0.016727936725601467,0.0042924356093863025,-0.005868647701845475,-0.011279648562776856,-0.020983972760404868,0.024357168890219327,0.014742613353519118,-0.011266104667811305,-0.17891878672890016,-0.014412430907214002,-0.12787681754707592,0.00010902573447424402,0.00811079218260602,0.00012634507720576948,0.0247483278008076,0.010238899771138676,-0.006826332764831022,0.015422584476254997,0.01614104884220069,-0.02157899527446716,0.003285564669113228,-0.08787755876528536,-0.14052631185950304,-0.07118303732568165,-0.001282137092857738,-0.027058197067162837,-0.0241853977968276,-0.011174323593650115,-0.001447127956453187,-0.4580156640072346,0.015528592311852663,-0.001036208725963661,-0.0004963288015460421,0.02139425972927711,-0.008410284730018702,0.01696824877376457,0.02701441937472282,0.005007535881304648,-0.04416949174583351,-0.24270826868814765,-0.002885082769807923,0.01689009492201876,-0.03106623769417638,-0.023858556864297498,0.0022311516950139776,-0.014538770929902967,0.013796916569390305,-0.014972962927458866,-0.013474119302372856,0.004179523677521502,0.02536256783605495,-0.14172720416536322,0.008385029248074716,0.03566905314619362,-0.005749143825823921,0.014192512178851757,-0.03639617491853642,-0.006536320233408333,-0.013928628985013347,0.011276064410139952,0.007054413930745795,-0.017598004104911524,0.030357224465660693,-0.31245083358453485,0.034367332724286825,0.030477361508019385,-0.008950832439040823,0.004144803790836704,0.010455995387019357,0.007640945945240674,-0.007370042555976397,0.020446848780409255,-0.0348223693717955,-0.016893552894543973,-0.1764383604622708,0.006685065499368648,-0.02665977470218195,-0.046431629461494595,-0.1505845791466527,-0.01540329198451218,0.06364088924647149,-0.005060917216269445,0.0016916643908189144,-0.02095540966183762,0.045092689970942956,0.02519546521943994,0.004342693612898074,0.014386444352567196,-0.00023005857394764462,-0.03324716859265209,-0.029612892474688124,0.0025888626198593556,-0.03338368030017591,0.02726963920304115,0.020232617487636162,-0.02472980125094182,0.022514551787025994,-0.049325803612759955,0.012181942540792079,-0.15638294378004503,0.015113475996258785,-0.02789294443300605,-0.40002101007621604,0.009425501997611718,0.028230774613803078,0.014811435346018698,0.03810360791271705,-0.1778397931939253,-0.003805831192266851,0.030320234523060208,0.024095310272969073,0.007647484588687803,-0.018611085480138456,0.00853289660108203,-0.006003299197800516,0.005129580944412737,0.013424547710165768,-0.4566518853735033,-0.07146534683852224,-0.03801846321130142,0.14745708784175804,0.026608040395331045,-0.3600884378211049,0.00421339834065293,0.00665055083209154,-0.00998706583504827,0.0021431165896501625,0.009235008374162135,-0.21769201669667382,-0.017286184745898936,0.06623827591101872,-0.1426323031555512,0.026587034436488466,0.009775504146091407,0.007450099781408426,0.005200185560852333,0.01663481298419356,-0.04075811490884007,-0.0043684864594979445,0.03330355619641523,-0.02105722886062722,0.0074416308762010885,-0.00657756288083533,-0.005792418103737873,-0.015397302239307464,0.009653193445728903,-0.014502852342047845,-0.00786159506333206,0.01711985171368724,-0.3724697888683295,0.0023312736909701925,-0.00046008166054889443,-0.013092810199850646,0.015833542056498118,0.019351314757841465,-0.020722935382764263,0.0004432260066096205,-0.2758873320390194,-0.09596509622497251,-0.005455879074361292,0.004079180203916621,-0.02663377934931077,0.010539163691646536,0.0026302099581698712,-2.1782983708362735e-5,0.003955629422307538,-0.0023109465350898972,0.002331475948613715,0.06433246840242646,-0.06487689662390039,-0.012569376380270114,0.03555765771807273,-0.0032197798072957085,0.02120560709363417,-0.0037597400055346952,-0.008814706352950452,0.008774417332460871,-0.9001437073166016,0.0019343186070273077,0.02873850552168733,-0.14119224218757154,0.016695291150426783,0.0011123707076876599,-0.007772339246002957,-0.005481339920038408,-0.10609729912903276,-0.013470136958858347,0.030842466698231874,0.01575483956548851,0.006276953401538776,0.004859810422203736,-0.025718453872286773,-0.019237192731452524,-0.003856708074636117,0.05593207639321918,0.04045462823523849,-0.017396052897311165,0.0029631790550865844,-0.03762755410934915,-0.021046873388058884,0.0024110626145557035,-0.006639054091465368,-0.006821948284141399,0.007043179885158679,-0.0027392575593694346,-0.026235123224068957,0.008808845899693551,0.007333298634875973,-0.22072706414644472,-0.004857718310631753,-0.022046122617666697,0.05402788078390586,0.020665672672294022,0.00012702917274509673,-0.044513174454664295,-0.013688798277144087,0.013030157852142565,0.007605863650724132,0.009777571568974963,0.00844828847766621,-0.03268468941632818,-0.01989662615233101,-0.022066500279834145,0.0012677530743303578,-0.01916582373746678,0.015149230390989032,-0.006937088832501104,-0.0026585043715385837,-0.022009353925596997,0.002361714180551644,0.04996846379890485,-0.08845721313809918,-0.00908510442906163,-0.010729740181147918,-0.04141020128463424,-0.005857017758557959,-0.0046734683301110636,0.003785308147826072,-0.016100255807032227,-0.004691565897701366,0.016879181533113297,-0.01102185597346761,-0.019602925703111396,0.003032664110492078,-0.30209096751059406,-0.11284222695758217,0.013044961691775825,0.0023906792148409295,0.010592285556413117,0.1306653540523257,0.0066586045431904495,-0.0052524161410474335,0.010412063305011543,-0.22980544560923022,-0.005134414281222632,0.010385029666394985,-0.004503486659814371,0.0022955198310228297,-0.009545406438405735,-0.00210027363300469,-0.13830452769616386,-0.014982583072196576,-0.0030612131217822025,0.02443995658168774,-0.003318134083201585,-0.009641296268455335,-0.02676946019528259,0.010695228048462013,0.0025674584649095777,0.009001345765682345,0.017594487597307307,0.016551759116282483,0.013058651512437791,-0.012344886297341873,-0.020915967158998683,-0.017986864553222404,-0.008974633616162464,0.03335806546283493,0.02683184967077068,-0.0060654735611933575,-0.010857260700504412,-0.022135582932605757,-0.006077345573430648,0.0025068019513128093,-0.0019490895037961309,0.045647008223568264,0.020403497402185167,0.07100747851927736,0.01145591301838067,-0.007670418200177664,0.010415613050554384,0.03200935241602565,-0.013258633689702037,0.039939670245985326,0.033775835927144726,-0.0048024032298599195,0.022505282081510813,-0.003520143715377344,0.01608198220765189,0.009682454318863165,-0.012007160370558267,0.020111428394102404,-0.0015642863090761239,-0.0041183513735632005,0.014289881968920781,-0.03778249866445549,-0.0046987096691140096,-0.2440388432933105,0.0454214940714337,0.022664284289930947,0.0031324176529778924,-0.0067107860995747615,0.024578059756095172,-0.03113113247854926,-0.028912192728967057,0.039557225220221426,0.013181331034502364,-0.004118246831694705,0.009255258200937533,0.004405604156090703,0.01720791497248797,0.003584892437174858,-0.08304045488421252,0.00249442079552864,-0.0024816671593725914,0.02517764478443496,-0.09078946320005343,0.006715726467518834,0.017769303931345348,0.01565130755716382,-0.003153438754452509,0.014496284111373825,-0.006028246771847989,-0.05954155959898344,-0.012920455083076376,-0.11591793411207618,0.013359791075345129,-0.009948074845283372,0.006113625096531905,-0.00030224584111238073,-0.03177629075275945,0.003941528822508644,-0.009293216595779086,-0.3411214525367541,0.00568035990363569,-0.005701002441128367,-0.007873055872551049,0.04068890657435986,-0.0013323805724212434,-0.0021390143106145842,0.0015258943412845838,0.01691283625768847,-0.007769239157823904,0.0031644160644646036,0.013602820215169231,-0.3550015935816191,0.00568076980243859,-0.022981620390282842,0.011885779531439766,0.0033988457635132363,0.011637589283054695,-0.0062391548135565245,-0.010012314075538598,-0.06693815741527942,-0.06117422116790294,-0.23515405229682074,-0.2214358193323278,-0.014870460626298154,-0.03000395581864268,0.0035509049384927494,0.02257583115260786,0.022749814547751157,-0.0026629835065250518,0.17593067464440537,0.012297267423491576,-0.004860429578760872,0.014590293267247034,-0.14782039061537944,0.02706341474186047,0.004488028662535726,-0.0014090387204532817,-0.004053602025351211,0.12019378951299586,-0.10269347839494003,-0.016550996846092403,-0.006139472856375505,0.024506023547473887,-0.023606958257914812,0.019573059640606516,-0.022512495639603003,0.026936103894513508,-0.044435144924136694,-0.004015714443085017,-0.12261060927085055,-0.003981064890012931,-0.01604078813761589,0.006370845022047433,-0.017314068773885083,0.00191965272631478,0.01767520911334941,0.0014525815490742389,-0.05123548238123021,0.005415993717178935,0.005099895804960397,-0.049025166264982545,-0.005686520529707195,0.015872215413764934,0.017983972565389195,-0.03498960301385523,-0.036830285957876185,0.033691343691486964,0.026273476625192416,-0.021200641371024176,-0.031069125714566326,-0.02506490495397884,-0.00105543546123954,-0.02026182725325043,0.04049540194500878,-0.022053508721910475,-0.006240733040158375,-0.015154702007293963,0.00312653301506316,0.0316599002512703,-0.006912214328167465,0.006274533656096537,-0.013955055878795974,-0.002263238583736893,0.00010819495469149842,0.013813008434226504,0.02225531967678762,-0.0017043505080209798,-0.0029536356209973746,-0.000431274324455444,-0.01838120444699598,-0.02489334171241353,-0.009930272233759752,-0.005761918000644073,-0.07878077776990722,-0.011365512875272543,0.009468517417190014,-0.009616246213226987,-0.008805389968983945,-0.31825046368430776,-0.17118238980424394,0.016619378302038967,0.03057187078456991,-0.0331583700194642,-0.1152893047001271,0.01401270612063854,0.014276428098582983,0.017311301401605306,-0.023441352702320728,0.018370958965533646,0.00011874112533405423,-0.41959046980355197,-0.389139586894089,-0.0063926494196948624,-0.2868983750086045,0.002450447160299518,0.006165462280478096,0.02345616468460321,-0.02009619279033359,0.02635346821807616,-0.0027490550028232974,-0.2023340986097537,0.011039147578230768,-0.040223862622951856,0.0014262497747949965,-0.014777957290789345,-0.15082839102797152,-0.5909598069301865,0.00018979973242494452,-0.004682704842707608,0.005468753279274097,0.05255515515091247,-0.06306059646885842,0.02960871648247121,-0.012959093604877125,-0.01789375359277301,0.005746729335442069,-0.009496442688032403,0.040788356422126526,-0.00036112158795731375,0.0003299648705024083,-0.00954577284574043,-0.09431664209250812,0.007112848559700069,-0.0946091328150942,-0.010149543728402932,-0.01695011856418205,0.07583288007117517,0.023990175492144772,-0.010554750159826654,0.013160255904949736,-0.0007548989424321917,-0.0015215347939374624,-0.005379333541043252,-0.007857135058202402,3.798482771344425e-5,0.0020132448817093973,-0.3887558951329311,-0.23386865362044773,-0.013359421502855184,-0.01241643123103131,0.015563523467790219,0.004010325994386221,0.015084139368809701,-0.008219406791340589,-0.01502355852699111,-0.012704954402011026,-0.0008797187242635118,0.06667438627664524,-1.301230804529041e-5,0.006695653300710092,-0.016118889004701487,0.00011093406590134691,0.05890220788432998,-0.013247733171169784,0.02985062055176968,-0.023814346524886787,-0.10884098866881686,0.004603761458383815,-0.0025676045715954388,0.004163784262345871,-0.10038887778463845,-0.02116226563066448,-0.007507202295528259,-0.01251055351258401,0.019305023085507855,-0.011790844981987902,-0.0015653478312742664,-0.005786573669865902,0.042036856599509065,-0.01484259497419771,0.01791096230772382,0.012310534736911904,0.0027946198406425538,-0.05779307535277667,-0.008519767624875385,-0.007757933567745567,-0.0024427752031215277,-0.0015982748145688674,-0.03301803453132379,-0.016081280811476972,0.02610652620876408,0.02842590828277025,-0.0023957095936566475,-0.017204578937707993,-0.061512459281189535,0.002043426074578747,0.008291900161566446,-0.028764936506377126,-0.027877117752950653,0.012216925159918901,0.031737817144517066,-0.1464065379477688,0.01463491730419264,-0.0030222063001019706,0.011221665962693805,-0.007066839249773693,-0.036660090167060844,-0.009098962696953095,0.01076617232956778,-0.0072351847229583655,0.00740157338532299,-0.0002377562420861068,0.042597530602506595,-0.20376592757111212,0.02439169123135798,-0.008166177271050401,0.006416114851163002,-0.001088874750251989,0.09856600209150201,0.010656634638507967,-0.005772547328888322,-0.03284025761001885,-0.00819077758160347,0.009152449265457108,0.03663632400730421,-0.025907179737259867,0.009886653167086479,-0.09531176449127088,-0.039922052095789695,-0.014652634120466246,0.011911707514627778,-0.006826152184657985,-0.08225877785866942,-0.002980429172168897,0.01329077387072175,0.036252392053029325,0.004024403780277908,-0.021447895262099337,0.03873492751517915,-0.0006710572713473084,-0.07639717005349667,0.019166404836141737,-0.016072655505013245,-0.004137868538464318,0.020470661893341457,0.01296333801997207,-0.02757408213983581,-0.005719258624139911,0.014798837672060472,0.004343148284306153,0.009641607128287433,0.0003436448032516637,0.008441587528011496,-0.04686984421505258,0.026444981622262276,0.013946759630016459,-0.012786774957021407,0.0033247752362512983,0.017829456302933977,-0.1460894466317768,-0.00848995700607702,-0.030692507501953514,0.02331422396537164,-0.014706045586990513,-0.07491804661822243,-0.03459573157851992,0.01391899417649256,0.016141886053446797,-0.013709468360502797,0.007183497071082456,-0.00995126460747997,-0.3486694372867305,0.0059873322570638265,-0.011117755584564293,-0.00041268326094723307,0.015721514885171928,-0.06273678402067162,-0.022329719095068867,-0.0072903580985439476,-0.03984755631063308,0.01067333161518036,0.047074803867872106,-0.0520676000437561,0.0230663144702703,-5.145484465174377e-6,0.011073847511852364,0.0021214834664533555,-0.0001860771449173626,-0.03710433647438549,0.029704526641580742,-0.018611773187672043,0.14967534153220186,0.0057361020662938245,0.004462494829567731,0.0024989318826555973,-0.03169081810483476,0.012489036233773732,0.014136722105831723,-0.010199115754858212,0.007619132785293914,0.0035046929442614783,0.021015644377712306,0.005723446592355685,-0.0008720565820112824,0.011004264470102498,0.09297688707636098,0.005097707325148804,-0.0024698893344066164,0.037938461496196396,-0.0201620907778306,0.004928459677103092,-0.0027781611079262802,0.011247887746321794,0.01648122130518459,-0.001161511842838081,0.06307193699836944,0.004766092519275844,0.07836531455632212,-0.013425435429780919,-0.06083299246711249,0.006579119080925011,-0.005762950611938322,-0.007581561205824983,0.024022684876626954,-0.00018542003908805782,0.015994389002287335,-0.024747705162553757,0.030179073083445473,-0.006700666491724405,-0.023516518174687917,-0.016547051444831595,0.01895480093662627,-0.032370970024203416,0.024154123467042155,0.0013960860815132037,0.014721645472036471,-0.006586137382670998,0.017789877065865767,-0.023652531850530067,8.752426765568089e-6,0.04505282834486479,-0.029412143059744267,-0.025553791299898876,-0.00777620922042388,-0.16725890708538316,-0.2473697580589942,-0.017613393518786324,0.0270746313226482,0.019726275548237027,0.024055412359814454,0.010454437016960583,0.04463566431786603,0.015296891730031348,0.018912573834313662,-0.01396701138901335,0.0029310089339560363,-0.14295455475803465,0.02112454089660787,-0.023178232540999488,0.0006472800714618643,0.008092230174042925,-0.004409716653754003,-0.14024357715970837,0.010431662893097382,0.009596880853678158,-0.0389791166685427,-0.020859499021753436,-0.012811912756660604,0.0013692645964624717,-0.0073839179790411436,-0.01082109516391938,-0.025222253304946207,-0.2197435615962604,-0.038401484376663575,-0.024811989545014512,0.02582891209021909,0.02049613505914749,-0.024210803579080675,-0.04844153371232096,-0.024988380155264167,-0.012045957616464875,0.024700824379124242,-0.016144833733164887,-0.041298080859633046,-0.012980125507965568,-0.03328665285812349,-0.0903828323550897,0.05329367663216544,-0.004257608192801854,-0.02999556082068011,-0.013035953517828602,0.024100762179841695,-0.039853930604294874,0.022064333992148022,0.02741548250787673,0.0050383830930513795,0.005594367966295977,0.011622202127000492,0.010193849600739213,0.003721790691770366,0.015858653133534517,0.0019144510447404173,-0.019559825207579706,-0.013237208985628968,0.008127394575240032,-0.0036812166005688596,-0.005953430829094941,-0.011499312265641493,-0.016962115384103527,-0.015230119804982678,0.003933366159799334,-0.12462066732950916,-0.00797306607637438,0.05818915433701477,-0.001107234565665749,0.008544001944585489,0.008254589452462824,-0.0018175999130107812,-0.0456139232892383,-0.07349077784817837,0.0033375287637227302,-0.008739579588109336,0.038698479737831804,0.012802017828107637,0.0010438493018227746,-0.009030105456986348,0.01584281049508718,-0.014722919539053692,-0.03083851688734285,-0.004132139665671275,-0.001361413942049694,0.019559726308671088,-0.009105643970542587,0.025793254251993858,0.031237989738656324,-0.0032322461588591977,-0.06242716261112946,-0.03181686671086936,-0.00030683717614010675,0.0064097533547169405,-0.011639915899422704,0.07167686920729466,0.04037997017803718,-0.012765823854351765,-0.018195507759628526,0.02844379005546216,0.05643172062332269,0.035809942449759546,0.010347432833441417,0.015368510712505667,-0.006564021664871689,0.03194017980058561,0.018541976319966125,-0.009113422001519211,0.01903806362315663,-0.030384573756236932,0.055488273266064425,0.19362840840858553,-0.018462815547252376,0.020790184858697103,0.003962855696499901,0.0017251628296435229,-0.011870199366967427,-0.016035927612506384,-0.014424383231926186,0.006315467638160044,-0.013334745175598073,0.010443621604281361,0.08132612715780851,0.03231725963837562,-0.0020939970963809174,0.11627338230823625,-0.008975792332194032,0.02535215125485024,0.02970492827716953,-0.012291738589738088,0.01660697824786439,-0.013115136179067122,-0.006539173121382191,-0.014186013153448584,0.009674557909875148,-0.034569744871987496,-0.01459416022885307,-0.028800308929930907,0.08824784693183574,-0.015470759944946622,0.011523325278233187,0.003158125925438071,-0.023570400653625256,-0.004783692470482492,0.01742076951393301,0.0022610078926845745,-0.004937887326377677,0.09403887377493447,0.058873454381000556,-0.029459025837240915,0.02795525688179623,-0.02887444043153664,0.013048397964666947,0.0135874772643092,-0.019767948919252376,0.037617986628902145,-0.040042984426690964,0.026768912437546533,-0.008477134771510464,0.012115121406111484,-0.008897939758753637,-0.012782654468878718,0.015551488815162884,0.0008581862257415196,0.03710026923727128,-0.051779719607111474,-0.012361442403516776,-0.019496321377118875,0.007093415104918677,0.026599501225973654,-0.013298643356392859,0.009537019936033175,0.037849726473268674,0.027483842146466486,-0.004896661818747816,-0.040018519775912864,-0.0972557378348462,0.02846006982417748,-0.010667309479572396,-0.02175768670713296,0.06083078390361152,-0.001367240723084251,-0.00176512148391339,-0.0015199821292526394,0.010442720624268986,0.03852934181213641,0.025803370602957898,-0.04208939485215524,0.0008273867258594692,0.010866006394280703,-0.00018070794067170937,-0.004933812095259782,0.016995766581203497,0.008523479920086174,-0.003043263552854114,-0.03386914171096578,0.024493880685668046,-0.03601513569742565,0.01217982255775496,-0.008663530801641173,-0.011363957119101542,0.010150181496555888,-0.049851566506731615,-6.624732077398221e-5,0.022413713887544873,-0.005479179823851155,-0.003065274531763862,0.007084792210662272,-0.03514258524523939,0.00418399366299127,-0.030710032323440828,0.0037786594111821614,-0.0038303743071992358,-0.018436735081195366,0.08122369144257391,-0.03045376042746284,-0.026487085316148296,-0.006226778948530409,0.003900703085491841,-0.06358516741420317,-0.002691581470571691,0.0008817111648795617,-0.0803097385446705,-0.024280237119455705,-0.01825029495421404,0.012510157538144995,0.03241837191126251,-0.03580419541049196,-0.024489495563102537,-0.024736350082548597,0.01905300661928777,-0.02554270619293675,-0.008480550094645878,-0.017736212808813434,-0.02402566639284487,-0.009203031302376985,-0.023256597743056773,-0.015432307020091685,0.01824544351256918,0.022788908052689294,0.02189496165874516,0.020975895474521167,-0.00897624416711551,-0.005235851072029618,0.03878699320375745,0.016797036963907885,-0.06640567519525575,0.005697638331184862,0.012795105074474122,-0.030954579144008676,0.04199283734419623,-0.015348348872066708,0.008690914703379349,0.043808311163957114,0.019731591135723647,0.023029503166981158,0.00022006375684213708,-0.006860941773993545,0.02854162302946861,-0.008385191581510298,0.009421713333722437,-0.020060941373003516,-0.019533729791874066,0.01003206161021808,-0.021734452477858213,-0.06524393895779212,0.024852300827291174,0.03131700113408442,0.002206052120811819,0.00026152942882617936,0.005224440499659977,-0.0757996361453479,0.025530699759656272,0.01514840487334368,0.04724339804852207,0.005749382275098469,-0.02292612677501893,0.009728091491524538,-0.010689506226526646,-0.015126838130527176,0.0036493909519776935,0.044391366482159356,0.012205007819829916,0.01183577745769071,-0.012710209133729222,0.012486339688621229,0.06010616122694046,-0.023173653446065146,-0.024098177815176314,0.019598338238211,-0.024627216848784883,-0.0063348571777623874,0.0217310151174388,0.012296991724497275,-0.014495829304394192,-0.015519864804673489,-0.011811951352683536,0.032785406912125836,0.0026467891184438486,0.01011820102121419,-0.00043545092648855643,0.005840599924340495,-0.0011751657524428083,0.005780397390481085,-0.038632998855064216,0.00602915354011202,-0.006896556915307883,-0.011930402979487553,-0.0010659620284059201,-0.011397874435715494,0.024428837739833398,-0.008600847831303327,0.02352094115667569,-0.015284664922546654,0.006301776644249912,0.11731557126950065,0.04886241361145949,-0.010427655174225947,0.02680706963656121,0.0153417014525985,-0.01184045672243883,0.017969643837716376,-0.016748204600844474,-0.039905272340547526,0.04250428005570939,-0.08714095827599522,-0.00859113700062153,0.01328320428524421,-0.004050227413245011,0.015134329991667528,0.010343580664994079,-0.02175336907714609,0.014814591917343023,0.030647751667267187,0.022070738607908424,-0.0018898851617450418,0.005892893537748023,0.021611330120322236,-0.011055579412641237,0.01619633916834573,0.055253449449082837,0.15177372966786606,0.02739404380781707,0.0194608180445357,0.07985091485170415,0.029344911622985137,0.054063160616351524,0.06676693056920158,-0.07387918466884003,0.029772253184773945,0.00888972617985928,-0.010382271596427017,0.014050024297830532,0.0031049442900439317,0.010893806971580489,0.0020160872127235052,-0.006305550236902491,-0.012213510199728717,-0.01649798738753816,0.010529280383707373,0.00478458981251606,-0.008807249276287621,0.02136637787612017,-0.04521370452357587,-0.0032583419560978655,0.004003156464477797,-0.01311884403116892,-0.020099696671422862,0.014701595059761985,-0.013315014180989238,-0.01907595464581391,0.0022070667409934686,0.0010171082340093562,0.004364538974186871,0.05368121666742809,-0.008147767925493099,-0.023366852259641746,-0.007726489237029455,0.006062717312261157,0.007030212074823794,-0.0014354368522617733,0.01763219669828686,0.024249234955277643,-0.02215155072849484,0.012582897910164093,0.020638057412270427,0.012426191652821217,0.0033634074870860786,-0.0104153982238131,-7.582708349218592e-6,0.0017478826323440444,0.01872168030604371,0.02717225508786214,0.0207058266612421,0.00034783179762598593,-0.02632423653449223,0.012622013093732676,-0.009800437747799151,0.03073387536824157,0.005286730313855514,0.02032295325625455,-0.06054806954580272,-0.06963749674287101,0.013806684200972086,0.013588210628228126,0.009921260911369245,-0.00024524422178728855,0.05817884114730987,0.012062568139754148,-0.014674843197099108,0.005103083200992842,0.02431180841085734,-0.002479561122299856,-0.0017683881314951577,0.03542982487510926,-0.00598243840795476,-0.0010386277456291282,-0.027694625856383936,-0.013549335583093125,0.029187783275119727,0.0020732713455799967,-0.0211417381742649,-0.01438867196748106,-0.0020453576128716122,0.06460435292774491,0.08726657560399786,-0.016530292330571683,-0.01956236416867796,0.06192402995111479,-0.010567880642611271,0.002417198689727229,-0.005560077382142481,0.008051629941292049,0.005341061962099047,-0.002605291228974238,0.0034028932504952536,0.04204005097199115,-0.011522255318595853,0.014768336035558605,-0.04994235337835562,0.04286854751990177,0.005599506741873483,0.01329022951904335,0.029751850950049175,-0.026830129079826293,-0.0010661282419732743,0.00615536102304759,-0.029771112043817993,-0.0030074800827151194,-0.007086123108820175,0.030105577850918053,-0.02182998939076697,-0.015804103586560814,-0.017073842265855177,0.014337555384372536,-0.018434305644404958,0.01074549334873609,-0.01653835960746619,-0.0829692657898704,0.0011832763857455575,0.027279915849021563,-0.005702482650576712,-0.0745285782359133,-0.058728301966766594,0.00880388742575633,0.02836037330189356,0.030305038671940565,-0.019844088755235134,-0.00038086621134425513,0.0013051578526983576,0.08669411069786293,0.01485186428567431,-0.013848562189195945,-0.02795860075366363,0.028748628309699598,0.03462959437308655,0.02233493384665053,-0.019972745393260993,0.011662311978398066,0.020088262584067706,-0.019111860568955308,0.05725313539187482,-0.00425558785082103,0.0017607079430490558,-0.05559191312568146,-0.01419555146003404,-0.007571141177209029,0.014800847818150942,-0.01355455494740454,-0.00883349786636245,0.041211443408201376,-0.02012052807276632,0.016537305459721097,-0.009884187766147079,0.018522653320360405,0.005802856722993965,0.002607344807984191,-0.027962585133536777,-0.033664437771221856,0.03249097624757269,-0.005779127417554264,0.008818720870294783,-0.010332907216252352,-0.004365307453099376,0.11402109104938063,0.004907581698034846,-0.026711225500548608,0.003932942045139498,0.0139863236418023,0.011413942570015934,0.01787860602780711,0.08506545396357978,0.016814932618217426,-0.01125266436702077,0.004960415897130588,0.08852507620758843,0.021191769868892152,-0.0029190428435867943,-0.013094241773842441,0.030172160257279756,-0.041629573788668495,0.013200478073940758,-0.03819422787671556,0.009407993287823047,0.002658010746927175,-0.023083177778062236,0.010329626196835306,0.024715699635635247,-0.006360552546539111,-0.016909748748730635,-0.03622516767063644,-0.04426753607367573,-0.005658615248648857,-0.007567418782855384,-0.0019718996423989665,0.026085873164504392,0.009567387374545433,0.028535038261907175,0.048720198427872674,-0.2031978452250769,-0.03351231258784537,-0.0025665978964752867,-0.01872615704905911,0.06814333712645748,0.018301886729432226,0.012390924310921037,-0.008662507687404286,0.034661663263250375,0.00014115776821199688,-0.008503191678300936,0.01326925133162149,0.043311479231306294,0.11342366310782381,0.020994162675378902,0.004654206280974904,-0.004749333052018301,-0.03017200835256517,0.026169143435254227,0.042253278068073996,-0.09074152109678835,-0.01861058117700054,0.02510542319578235,-0.01351255417921493,-0.05026346261456638,0.03159641229922272,0.0006226264295037254,-0.004503191478761437,-0.020078287298929354,0.0034481706672977452,-0.004703892617726524,0.03634767081928203,0.023574197300149535,0.012720293630536617,0.033439449908883034,0.008189613819013175,0.19438355072088598,0.029917640016719815,0.09111168974504835,0.027801219631555796,-0.026946673723756476,-0.007964125114085618,0.01858258310949168,-0.04115319228401404,0.021775198541035934,-0.009819219025303028,0.026706164175266167,0.008060042173838156,-0.004337159156420967,-0.0033555740783413057,-0.00023883450899120362,0.009587214790371945,0.03316769516095519,0.03684894235630054,-0.0004288212478513742,0.003249925084219285,-0.009163512895611348,-0.10778312315233052,-0.002346004606806673,0.011850237375256256,-0.009042258726367436,0.05359080714879383,0.02368310488463976,-0.0690477871750943,-0.03682352841224201,-0.1335358058431666,0.016224125793087296,-0.01188786668353714,-0.015294020524379448,0.0023594005592713074,0.009820658278385963,0.006880530742137125,0.00580757655745856,-0.022566442685274524,0.06799346569368936,0.03078780088981148,0.009076558046444916,-0.014138690559775569,-0.01236365296972508,0.03832589121611818,-0.008961732437455794,0.036153472808109655,0.0022115618594398256,0.0074323767203168245,0.020298943883972242,-0.027759343546378545,0.00014637856358490353,0.02710622200584112,-0.008546373603167012,0.07019466441147415,-0.00221708998651593,-0.008864206090265725,0.021611564696286223,0.025952801950552384,0.017339509588964575,-0.009272960322050494,-0.024735042634347337,0.023405648105836008,0.024647458082881712,0.060385328008123906,0.00632827718527551,-0.016521304058187525,0.1510888098855503,-0.023953491942393157,0.007693136529496769,-0.009892856896840385,0.0057901050449800096,0.0368353273449884,0.02966164822009887,0.09576850484575061,0.0014807448860665318,-0.0359051951127185,0.025080450662244402,0.005239326776063535,0.015689465813920833,-0.006536999098898377,0.008228055576182669,0.008716742232358854,-0.02784429317489412,-0.009723717108272467,0.03556839987049898,-0.017191242856938516,-0.00861516655277228,-0.05200638440419425,-0.012394813359748014,0.024691339442597382,-0.013247473699721013,-0.08736051164669334,-0.0073485003408677585,0.015828257128305268,0.09390304392172766,-0.02140621148464561,-0.04298579661235635,-0.0027290246698612464,0.019183025761321915,0.008346367160584123,3.123880605926388e-5,-0.0008970978733486845,0.007754867086077866,0.001085752495214365,0.025136765167303565,0.02267483453033492,-0.00818528264244378,0.01594167661096435,-0.030878221958573704,-0.059749872096290346,0.018826349879418558,0.007854764420187621,-0.020693863394626533,-0.03695688258358132,-0.00880840687386808,-0.015607364351808428,0.0669380283056853,0.002074106280815613,0.053079446846822975,-0.05737523593597871,0.027580538778238406,-0.031867914108261175,-0.014440329298395227,-0.0006505342253149138,0.021354162419811473,-0.014253292902139947,0.005485702696205408,-0.010467179565239348,-0.08327930069390277,-0.007829703328866344,0.009701115298412333,-0.05233852856872545,-0.02499891592105996,-0.10510194207745371,-0.0034623916262717103,0.022920647371392988,-0.009599844142940128,-0.0023089322730811546,-0.01794951822898838,-0.014105523538091802,-0.007261611021817771,0.024258622822344478,0.013660070150308457,0.05426186432760005,-0.0053010948504379485,0.0017340767315090488,-0.037885166484556976,0.049173086019436596,0.002165744494959654,0.003973295937839794,0.02034648971311981,-0.12707476225386927,-0.007041835148811515,-0.029100113343702105,-0.001160651098643939,-0.110219015851726,-0.03202939914444869,-0.005750836528250147,0.01649931008068961,-0.030675174567932117,0.008857844276462856,0.005524217373022111,0.004574412112560822,-0.024567784214013955,-0.029687430824139938,0.19967888424434932,0.017338154055323685,0.03311780258036379,0.0025607233292248566,-0.014184446748913615,0.013935700433194143,-0.00626606274590813,0.024908873790081998,-0.058880579658762144,-0.009779977597645484,0.024893184637221566,0.0010312413587598712,0.27105712381307967,0.003735700875040493,0.010633643323217257,-0.003800359999331704,0.04801088340263959,0.0027675326837197645,0.025520743354718434,0.03748414877509276,0.04731373250069737,-0.005296477313095238,-0.015084964999005024,-0.006555206525717949,0.012256108931978815,-0.016217677627309968,0.0035419691375864204,-0.002692927757607322,0.04105993889106685,0.002464962577391816,-0.018828459810720233,0.030279178231921833,-0.012139945540639019,0.012514304296928458,0.019462616592733184,-0.07069843573117396,0.02239963843226178,-0.025953679577469302,0.007067081682180287,0.03913973727321718,0.042902060064079706,0.03836517634772463,0.012914139166241512,0.014349090578889445,0.027068774087183556,0.1110857212661358,-0.007562766008959443,0.02731791259793681,-0.01325939518346786,-0.02930594563486011,0.00752478931724454,-0.00727368222004543,0.009398474933050238,0.022175010780074444,-0.02442343933353186,-0.0027266024778782594,0.01799977856398982,0.018927642622657004,-0.016363662614821806,-0.012262451278729714,-0.005504552135334961,-0.002012686362832028,-0.01089804250477755,0.0049796235107351094,0.03086905033791254,0.0032241102249486175,0.002494517820764486,-0.015042179416013823,-0.040315791308785265,0.010265078968132002,0.004461972473540854,-0.008963858983861428,0.02568029724443477,-0.010755075273436887,-0.008004646139397664,-0.011678048388603202,-0.016073633520136354,0.012269966671169641,0.0063419133671231975,-0.003316306747365161,0.04786606886136724,-0.01054904686327518,-0.009905320552888952,-0.019664841428493673,0.014688759202272195,-0.01483132988869329,0.05144485603887006,0.01570722838596339,-0.015860192665968498,0.013594355111308687,0.03538617674530542,-0.02115964773020096,0.05737434966977162,0.012346367779301204,-0.023619633122507366,-0.011389549559908119,0.007988903556906735,-0.02276494609736801,0.002509710021513456,-0.002983124561524164,-0.015013606829597848,-0.017654604394010676,0.006037184138790508,0.01001317240343269,-0.01701289059201372,0.12879507266734436,-0.0018936798512640962,0.007347746014829681,0.004617005165982846,-0.0034012741198239382,-0.01880223515945545,0.005621978903946001,-0.017235792939573003,0.020339630690614285,0.06302719628365594,0.008664439507356292,-0.13906832283748827,-0.049333903380556876,0.05614775853246101,-0.007083265018991369,-0.006658103792346992,-0.009906791799494385,-0.024945686120645405,0.026175304122261878,0.005802334925192554,0.025582622830370383,0.0003897125654930278,0.03316097758761316,-0.019786966768151615,0.01769396963118197,0.031191275778155614,0.01785250144348538,0.02222009435263317,0.008239167029159944,-0.004378324272465761,-0.004252962979990116,-0.005302086865413003,-0.008292379268823424,-0.011678582811327942,-0.005654829741615686,-0.002451492486670759,-0.017378243237544666,0.014366268236699398,-0.03452147831194452,0.0017652862525210367,0.0037842447034108773,-0.0005741168533859309,-0.019830389759590616,0.010037330843545078,-0.0018315435645490652,0.0022685921994707314,-0.0053942794520480675,0.013342871350687346,0.0010915958764599054,-0.05190933290941757,-0.0032278437142849725,0.034265233703990816,0.017618675557514507,0.07516923791081354,0.01618084368919881,-0.030811214061031933,-0.017084311270082253,0.009730336374218496,-0.016015431382356837,0.003576631638679828,-0.0006413654509742628,0.03635192811043453,0.062043921894655796,0.0046237324246902745,-0.011823356272543606,-0.0021982147960670773,0.0023377997740681167,0.02429940932597674,0.003980360198966082,-0.001809703285289288,-0.005566862328123534,0.14514800119650317,0.002113997022206604,0.015514074114435061,-0.008012037567823427,-0.03923656390998076,-0.026371729978109215,-0.04314812954453373,-0.0028805368156099576,0.001792389663933136,0.00013577640197581786,-0.007428406634062412,0.032894079011839494,0.028956824188981045,0.01602944874957757,-0.011180030892774084,0.06627017938171775,-0.0004833144357689889,0.011101867504940799,-0.030597278676395945,-0.005758195830367185,0.02417864145263593,0.048945076941890875,0.004921503888908774,-0.006441042889036908,-0.007248483831972408,0.005289293902933423,0.004062816619807563,0.030508325467963004,0.016947081760974925,-0.008554443743150841,-0.002406579420039634,-0.014364962478794041,-0.024065250199782895,-0.012511134585110995,0.09864332656297847,0.07508204770965676,0.0021920975486864336,0.010124258411565279,0.04224788219835318,-0.018863088593889188,-0.04490208476090629,-0.06452711110978271,-0.023225902844387747,-0.038061920294239826,-0.036233503190032934,-0.024901295804738766,0.011964960034674732,-0.05648851077421568,0.029958695653022005,0.034440739326328185,-0.0075509066900849575,0.11040742008663074,0.008738380873182905,-0.028555399600918463,0.008833434894313541,-0.0021592350208266,0.013245490383269498,-0.052373866822563286,-0.07211882714364037,-0.016533272922970355,-0.0039001400946290232,-0.022969390627793018,0.002053844182682951,-0.03752334390901524,0.0021945248063275358,0.028510404497865238,0.008293960123751276,-0.022260375973928603,-0.0006471227070505847,0.0062302811203949204,-0.004317315027947188,0.022881292367628703,0.05381899061467266,-0.0334063619097833,-0.02951519230600752,-0.027414654376116232,-0.005379919026381685,-0.0302309998119199,0.04219916895726783,0.013797546786918247,-0.0025917855538182266,0.07144997991417767,0.059082527292048326,-0.026198945985925093,0.014359427755607612,0.006673242477518215,-0.027240094927037717,-0.0039197298192448216,-0.021915436662766297,0.017502708915344556,0.021924025351836463,0.017347228626022115,-0.020785832816727634,0.008851311833495856,-0.015490847577893874,0.011987148276148218,-0.0030194358773769636,0.0598833435033157,0.00769357871649845,-0.02039692847210972,0.02050460290593037,0.029531043195220263,0.015202926849269716,0.005743269302001863,0.0073461138917991775,0.003656449464187972,0.005282506415824173,0.012767949019689695,0.01771280093362293,0.004952680224960204,-0.0038220606149366176,-0.018495603044357267,-0.027091469376046007,-0.034262220624896145,-0.006815407708018029,-0.027702517281795735,0.014468688421061415,0.003832973204623613,-0.011872243179823272,0.041531879608555755,-0.1443860024201058,-0.004970935688106692,-0.003174207907250093,0.007973493500799123,-0.006749821635821718,0.019233411658206023,-0.005425428903663487,0.04398270449928532,0.013219137736996345,0.001669202874779785,0.008544116097255028,-0.015631656007485617,0.026582371330277965,-0.005170654676703634,-0.0449036256841282,0.03206604022307147,-0.0028745548333972692,0.016367641030910818,-0.0023227789642987773,0.029091915046592476,-0.015830713230570836,-0.018620375838509062,-0.0014714502653987438,-0.005160703109822862,0.002468844315444585,-0.04701252621856611,0.002707563002331881,0.01766327264215306,0.002086781436446472,0.037882351554344496,-0.0064823384370811254,0.03737267822435797,0.012774016451658099,-0.012727110498872207,-0.031459180098863726,0.00256187812283315,-0.013531761081139848,-0.00013125383429724025,-0.016994412320400443,-0.01799602281607804,-0.003934545375614107,0.002383887695032172,0.001210055468675364,0.05106910514405172,0.012829419235828254,-0.007542941940300807,0.02081621820343571,0.015677013667300344,0.011999123316741134,0.02981852039010846,0.027291485293972073,-0.01848865604642924,0.06459792886744253,0.04411568635805452,0.02507061800952215,0.001608802627742989,0.010906623479741029,0.00904457895876476,0.028994040294548995,0.0021622716728870728,0.018502884864574298,0.009727465313517314,0.03862395604573976,-0.10284773656712787,-0.15227593970121234,0.14163391549482185,-0.005092467951612889,-0.001256156496310723,-0.07239212786282678,0.06841560094471788,-0.01690062845182183,0.03956155941978068,0.014982883032644168,-0.007996480528163374,0.027858399575052317,0.020372175089505618,0.0027629174874164164,-0.011376242709957296,-0.003391698306586477,0.007748725576902871,0.01305091359972721,0.003099188365013106,0.01229112389137299,-0.0018896718534051615,0.0015491268804908032,-0.014958278825361049,0.17190062483041402,-0.02296068988744082,0.007037427998511703,-0.013477350580160419,0.012765457319801499,0.005967336168851034,-0.011644947137028794,0.004245217072821106,-0.00033992481667155516,0.04234152131994051,-0.009268819220324076,-0.009406290664628614,0.03279371014741628,0.05860101952430341,-0.03682819270397886,0.036508958909053035,-0.025968990012188442,-0.017776745422452223,-0.02642087822823669,-0.04786975862180043,0.014599677479964157,0.04793388252164732,0.011178866185218794,-0.0007401930506603094,0.008960042531896306,-0.012526701257229433,-0.0300527770887129,0.01721072115685729,0.005486772261974693,-0.028687388457910856,0.005622633841539937,0.05833410474133416,0.0036346684230466053,-0.0039001284812911763,0.0020018165682529343,-0.03680157754024549,-0.0010607294298097258,-0.018360597747232532,0.01874368911211377,0.003679195122458623,-0.023414628262344195,-0.031167409779300215,0.0032689908985048532,-0.029497745765183936,0.013974652410979616,0.020524829537862388,0.017914005379225273,-0.016984987179966993,-0.01627546828603954,-0.010121721432369668,0.007372919022600399,0.013829353642904607,0.06168562984930759,0.06591347321000285,-0.0065129788679314515,0.014876343316245766,0.024145705572664156,-0.038170900807926955,-0.003366544551681727,0.004600967557962576,-0.02482221462059897,-0.041152243353053564,0.0028582151053342386,0.018801321359205758,-0.001850438728070003,-0.03313107967551332,-0.016243982452579075,-0.00869108985625644,0.024847565782692982,-0.005710747516786796,0.1265907700922071,-0.01475464883574773,0.002794917049641299,0.027350013288241826,-0.01710443495403524,-0.004059121830778167,0.010830792029082659,0.005513901614904171,0.0217817121074404,0.03287661311514967,-0.020577132086600614,0.015057725735914573,-0.04915556817365996,-0.001308052057538589,0.021152028060441808,0.04421184703403469,0.02017048509878805,-0.01527841146139508,-0.01551874785354812,0.028999834685237147,-0.016663224127114518,-0.02106192745395674,-0.024442623317099788,-0.019331603274622466,-0.01567137809433916,-0.003485134484435548,-0.09725248734048364,0.04623820331244133,0.014978262460886071,0.002485799336227501,-0.008453861481939384,-0.015445889954889935,-0.01106826192153676,-0.0037171948073364547,0.014217997240621116,-0.01953838608096703,0.016432713960966794,-0.0001805557512852829,-0.014173369181662565,0.024022959761396123,-0.030442247258186228,-0.011808492332420428,0.061240812927280786,0.03434038720752142,-0.03277531288949831,-0.016881609069059778,0.005398804771175492,0.007757881002248723,0.018347454235026817,0.01893571784876258,0.019292517863505054,-0.008963538917669212,-0.021331516427380848,-0.008083425466182348,0.006135622608780977,0.0060591472526425605,0.01826624693467238,0.02273777124355547,-0.0035060811660514446,-0.03021982391965139,0.01111031241620708,0.03480678180017094,0.03619814483226946,0.04909685677876041,-0.0026808719157997984,0.009242803880624706,0.024816731063310726,-0.0006574249553068512,0.0073749692128330935,-0.01598530619230587,0.013218901944810568,-0.0011729363463928166,0.0004684090267232932,0.021604674521654488,0.09483322372580005,-0.02543979290749121,0.013679513211627636,-0.02981867564709262,0.028642523733651615,-0.001160608936288554,0.009928410722750414,-0.02137582096281676,0.019521398655342637,0.06714175680281187,-0.004473172419238836,-0.0051431875369871705,0.0038930513901505037,0.012819185410080536,-0.021711953654175886,-0.018621531884036813,0.03907287930451275,-0.012153480075312473,-0.01524825278102071,0.0036101238192713936,0.03165058161357592,-0.028528536803150928,-0.018794767851886718,-0.022041993436232588,-0.005948246463503892,-0.016287865514982514,-0.018700141112731217,0.014757932040083688,-0.05783918237739272,-0.009941518533651106,0.002569313731328293,0.018010770298275247,0.012043150161161975,0.0018911360007223266,-0.008400290111239883,-0.01461716131416324,-0.026374855365702388,0.005272609390885918,0.05431765061189253,0.019530836150352116,-0.02164114186689403,-0.0010711251775319397,-0.010785177641082555,0.023921724225601793,0.021442073290359076,-0.02744475456620421,-0.0026472171452951443,-0.0004310989170335233,-0.012859083027251472,-0.00916862891654091,0.014505300367090967,-0.04047252060399842,-0.001940295802342007,0.011568904539672076,0.009726512187853587,-0.028305356092459988,-0.03565543779950531,0.043557122068932586,0.002641618768848275,-0.012966187699930742,-0.011386021451130546,-0.0009510184099781327,-0.008452015054899675,0.007984083192241087,-0.00726735800071765,0.037384424456831766,0.02534595687620822,-0.0017809763808145362,-0.011092152337710104,0.011437549484071496,-0.052207606827323616,0.011988147695774387,-0.004815342724441507,0.03228312138526235,0.02207318638795641,0.031163401433332183,0.01395230833441019,0.03600319232464244,-0.014691522522298328,-0.04116449460525473,0.004676212063714047,0.005639246039208956,-0.024152846545121065,0.00987609221101593,0.0012743787356157554,0.016937399568632827,-0.00283246761796363,0.05021321405729395,0.005632919932054392,-0.0074785679098567925,-0.023210514442325803,-0.015033147770736832,-0.03196365216672348,0.004603400999712903,-0.0035561597505875397,0.021423588116704195,-0.001303988128029232,-0.030601134332755464,0.03820277718386933,-0.0021983428832754726,0.00390745274580695,0.009108855903264157,-0.009288106548410724,0.010219877333838667,0.02479937451380465,1.6326302045399643e-5,-6.088845475460403e-5,-0.026520187640471704,-0.0017508749526200518,0.005613840746718779,0.003845092140181805,-0.027367576650703995,0.013461941171499348,0.05569612823455827,-0.0042104607964574825,0.01048866023120354,-0.04781041537967212,0.0027744594565319858,0.010261909384098544,0.03406533211045826,0.01276400510687381,-0.0057931200376515335,0.0012031193773509585,-0.010941309868854887,0.042104656841274846,-0.010468140618741018,-0.05544614596510655,0.016724837030778872,0.011160307431509864,0.015334476736825309,0.02043598192835816,-0.014418885068153031,-0.018444161171373707,-0.0015508852607126755,-0.017059288477412338,-0.007054891085317649,0.010802878485264955,-0.013964898191261454,-0.012933974575389584,-0.013539864350605058,0.027594268016400747,-0.010556668883708653,-0.008261394891633245,0.014472605929313431,0.012141916528889851,0.00017803250102588208,-0.002258523354640829,0.08956477896026627,0.010624973137964844,0.016829461427391834,0.0078083566013447125,0.006403683914868452,0.006041169851187078,-0.01280704410510225,0.038124948976474116,-0.14001830182496633,-0.008406615040712495,-0.026020655044703744,0.004553402039903176,0.034977955103386194,0.006781714066164568,-0.022736241880920716,0.010651441672962392,-0.008597719080171373,0.009851048110476768,0.026391783460894658,0.006770589786810888,0.04524285106253956,0.032388130199251464,0.023025374852750247,0.049681022012009635,-0.018414468063383538,0.005386996164247648,-0.0115942088191332,0.006008085256326012,-0.01968157308692753,0.00511089606970927,0.020492582531915104,-0.09239256781893346,-0.012964293441200425,0.03017507884032966,0.005477536558828433,0.005600606220468762,0.015818742402188946,-0.05360122874708395,-0.10628828320477623,0.0048569919117795735,-0.004755921048854361,0.006099430910182946,0.007823479594208038,0.02393979008255087,0.014249764979922475,0.13187521980216843,-0.014198239144661784,0.02645160374140687,0.005929360547270335,0.022599220761549077,-0.03071196894507011,0.016240183553009047,-0.014295902653429948,0.022324606998154195,-0.004591304819768993,0.09313349579429087,0.06182408923348248,-0.024478008641040105,0.04185716378250959,0.0077942570919731224,0.019260217587088846,0.012721937361675373,-0.02097789489710067,0.06212560595940886,0.01433618908686185,0.017185276543386863,0.014476000633294461,0.06240749065636919,-0.006784423463159328,-0.003731680041710206,-0.0002777409124519181,0.002060347354017722,-0.014889715834215167,0.00041852647518680897,-0.002783101006571087,0.05135408864407509,-0.02156328333012425,0.0332282695453614,0.0042818582846848585,0.09107480082820985,0.04415245270229207,0.007911750460152689,-0.005995012096263963,0.00650022047557286,0.05701889612737432,0.011824939824251146,-0.010725032289542469,-0.007876827465452152,-0.004471402904528077,-0.008396207444093307,-0.11995104579636973,-0.022497085472878098,0.007552121636308584,0.001578033439727733,0.22706604914856143,-5.278722429308269e-8,0.00011392565957279999,1.615871630633592e-5,-0.010891463884036057,0.0015263069495858872,3.304020821173759e-8,-3.643943092157542e-6,2.3501902663980445e-5,-2.421519798012639e-7,1.7157119261423937e-7,-0.0003811558262896142,-1.7975889778976996e-9,-0.06890378883326775,-3.0276390169947653e-7,-2.466791009325675e-5,0.0002141792457308611,0.00018347023856790656,-0.06553855301899603,0.02293625193851767,-0.0007233286000882799,-2.49692121112588e-5,-4.6496374547788655e-7,-1.3628283911937267e-6,0.0959817715047393,-1.761737770111793e-7,2.4340355580035333e-8,0.0006229177915884065,-0.007763374824207858,4.3955307607035365e-6,-5.633144824906955e-8,0.036989561250720726,-0.00039557135602308335,-3.434027952568721e-9,-4.232333462139692e-6,-1.3400781335715095e-5,0.00040180099222197896,-0.0011275624020754549,-1.588847509248481e-5,6.234945320215957e-5,-1.3886921965003754e-9,-7.473742438986186e-8,2.8803672559064852e-9,1.4157514223456236e-7,8.578988258400866e-7,0.001308572871494107,-0.6707330162607832,-7.353475805871312e-5,-0.0020237382007053384,-0.00020142080410323615,4.52964432812869e-7,-9.926619588124241e-8,-2.1840900037428668e-6,-0.03218302086861513,-1.0821794620569563,7.21416869309266e-6,9.520959649567118e-7,0.004672861568451481,0.0001423546463428238,0.0104029113863362,-7.901536172472134e-6,-0.0036392904121385072,0.013110958746864299,-1.5363947208912876e-6,-0.0005267781791360449,2.958128948807315e-7,7.692259297959955e-7,0.0008631786527075747,1.4391002445268697e-7,3.677810023106076e-5,-0.005178621080631274,2.021571333443717e-6,-0.08236086230692763,-0.0005505847550466569,1.0902626421116501e-7,0.00017726833965525657,-1.4644624194204425e-5,8.111771299113002e-8,3.2834996050237764e-8,-0.2061233456406626,8.830250108893267e-7,0.0006759596006702395,0.07871394482208416,-5.148113961725431e-7,0.0025449089480389375,1.1379039974723781e-6,-8.596511451362636e-9,0.00018733162293926853,2.5950894928794543e-6,0.24975927487503213,1.0394389510920421e-7,0.0038135296490509063,0.00014374576813125373,2.1613894986671767e-5,-0.007773113879522953,-2.983341188325661e-8,-0.004182025456429983,-0.00012391201801165153,6.553911187194561e-9,1.0516783385990103e-9,0.00024983358486085905,-2.811121792532789e-7,-0.006596145175535639,-8.813468363455534e-7,2.8000575511555326e-6,-6.299540638698281e-9,2.082432164374204e-6,3.995011935153947e-7,1.4892115046905019e-5,-0.0022454798436228884,1.1557717146892799e-5,-2.0236621917746334e-5,0.0005573979873076951,-0.00018716037394028717,-0.0015988012492016423,-5.857680979026725e-5,1.1738009575434916e-6,1.6145159104641316e-5,0.0003280990736982403,5.974670996139464e-7,7.89118266841804e-8,-4.495485610833683e-5,-1.5463737921758702e-7,2.157330816668357e-6,-0.0009226076532513616,6.02071727057174e-8,-5.01123422516625e-6,-1.2029007187219776e-5,1.042295790620873e-6,-0.000820602091607725,0.047330658440841944,0.004346686417193268,-5.082995424565695e-7,-3.541248227018068e-7,3.370748514509858e-9,1.5040043890024446e-5,0.00010361866740993264,0.001361433004987589,-0.000966444730920557,3.133791957529719e-8,0.0870281519346463,-0.00029500625204548214,-0.001223853232431793,3.2481722742061514e-8,-4.975412470149994e-9,-0.0004840978319862188,-1.827504938446342e-7,1.0249224281722036e-5,-1.0761642618706269e-10,1.0800990054349313e-5,-2.0068416224816588e-5,3.1219798710679925e-5,-2.780816225822491e-5,1.1966169480293054e-6,1.155111753643745e-8,-0.0005255793670357889,1.9618996037529257e-5,-4.676855928531509e-6,0.0020144134550719173,4.5539509039823137e-10,-9.772095337784448e-8,2.6052079625527025e-7,-8.524128807696485e-6,5.449783239824812e-7,1.98038443866011e-6,1.0703826375940695e-7,-9.222341768588826e-7,3.1742240471643868e-6,-1.2755761894744921e-5,-0.01185898930998519,2.7719531032512068e-8,2.9810813795272395e-6,6.04436914342088e-6,0.0002237512059153346,-3.861364662044453e-7,-0.10048073605139507,1.6540371024741096e-7,-0.007165988747829033,6.280615650472443e-7,-0.005649310294302268,-0.5370906954412931,1.4061204332449506e-5,-9.703694802331783e-8,0.0002547141387339025,-7.654795961098415e-6,1.5793983033918213e-7,-0.0004267471555294833,3.9764688338550513e-5,-0.029326529112495336,4.32702241496153e-9,0.0028151382607575215,0.0002537571885135037,-6.410359939934551e-5,0.004136112600463093,0.0006973502634082251,-0.0001407358048908236,1.1727015692131193e-6,1.5784630984505554e-6,0.002584088473668089,8.405528577837273e-6,5.449943269297819e-5,2.6857021673265535e-7,1.7513128888063667e-7,4.6775168721646665e-7,-4.637492725798791e-9,0.0010111223272417647,-1.0816188751094913e-5,3.3238910553956558e-6,-0.003269346253546246,-6.584060188892515e-8,9.117159244453887e-5,0.013999160692037549,-0.04403043520505889,-4.026088854663934e-9,2.1240908610886677e-6,-0.11046518839430064,3.750267367053084e-5,-2.6314635490631844e-6,-1.5773999323571986e-7,-0.0006804647116496199,-3.046479010553049e-8,0.0020527781236978626,-1.4911127747652131e-5,-1.4559893924195877e-9,1.2314428501358776e-6,-0.00046261860939011967,-0.4988305413571652,-1.0500875996521941e-7,3.168312118440042e-6,-3.423185220796654e-5,1.0527279910022003e-5,0.0003514674803284379,-0.0018689412172534503,2.8462385383676292e-5,5.1530410214439826e-6,2.4831058889791813e-7,-1.505005648994029e-7,-0.0001279546350616556,-1.9081570628021183e-6,0.0002870140734216875,-2.592611352270069e-5,3.2907716217778216e-5,-2.9662455307212683e-10,-0.36865225109431776,-8.2308434490308e-6,1.573881941658098e-10,-0.08036992032430135,-2.918767966209046e-8,-0.004770009991261759,0.05161435901209188,0.0005002324339784536,0.010758875488136255,0.011963108126110455,-0.046269966773252236,0.000177058619442505,-0.001911077558361285,-0.0033689951760607073,0.00019523901411844236,-3.7447566939019516e-7,-0.01883813025415293,3.5563604456001485e-5,-4.1621534797364745e-5,-1.2969566990927994e-6,-3.79526423325725e-9,7.153622877398291e-8,-1.8114352123302524,9.428401233080308e-7,1.169099093645265e-7,-1.6790713013303815e-6,-1.988423166565667e-6,-0.00010436470234509443,-1.8213343466300103e-5,8.402347441427427e-8,9.160626595772214e-5,2.0618713129005525e-9,3.572200972357109e-6,0.15094870684515627,-0.0001671866853030224,0.02012454084933779,-3.9703021584291953e-7,0.002433302588457309,-0.0004972866533421438,2.1645989977114866e-6,4.4177975455639285e-6,2.2316025183322097e-7,2.2113414006597054e-6,1.764215852295692e-7,-0.0007607882557039147,-7.103331413915726e-5,-0.0031801992208784213,2.059335437870624e-7,0.06456900158082135,-3.82801862331035e-8,-0.006157254642630505,-6.010166921299742e-5,-2.2615026272487793e-7,-0.0001144328569395725,-1.9482032987405695e-6,9.993225256721416e-5,7.275084553270972e-5,2.822287967774173e-6,0.06778541630228574,3.460030563451344e-7,-7.089411957927894e-5,-0.025268491182941943,1.0598231689473714e-7,-4.928492282757491e-7,-0.20354490575846285,-4.528013500859629e-5,0.0003253644026699476,3.4555148298309746e-8,-0.00661957687816539,0.010498659107724961,-2.865831334464275e-7,-2.876647972049895e-6,1.701716097027295e-5,-0.04691231548713404,-4.6023655595917035e-5,-3.8197366336589766e-7,-0.0016901851104194066,-3.050969468176845e-5,2.3629382714940306e-6,4.220345971349751e-9,-2.2951690003408798e-8,4.801527866277189e-9,-0.23031196984811686,-0.001358505564439838,0.004176977731162879,9.305051275987353e-5,1.0923539949629635e-6,-0.10250094432922197,1.2615327124598785e-7,3.706386888069346e-5,-0.006095662351071951,0.0033318362202408025,-9.096299479871561e-6,-2.407425435002608e-6,-8.077723416544114e-8,0.00014205922582277708,5.466082853899934e-6,4.4278454985891e-8,-0.16086258357245242,-1.1174796274755088e-9,9.745383839288024e-5,-7.905439385780255e-6,-0.00011267251517210752,-0.0006413039224071326,0.0021448323959702975,4.7541892650437845e-7,-0.04605170086688304,-4.5202005967581727e-5,-1.1848442846968364e-9,-5.878113169821564e-10,0.000451809090009192,-7.575911334933849e-7,9.12441486284471e-6,-9.997203442413394e-6,0.34775714473289554,-0.02914065647019015,-1.757814864819518e-6,-1.7674701925152192e-5,0.0088701098150068,-7.442914170496806e-5,-2.4345897290788815e-8,8.3034763451173e-7,3.3297193542322634e-8,-0.1637134421216615,-2.434258983718962e-6,1.9243226705434324e-6,0.0002197728672967969,2.709656399929437e-10,-5.168083581530425e-6,-4.393671339286698e-5,3.2462909533848006e-5,-0.05487580843146134,0.01512784969236236,-2.1693167900904697e-8,7.419863993440856e-6,7.07563088262475e-5,3.6569309555360696e-9,0.021550090120399545,-2.6900813350883013e-5,3.327943978082004e-5,6.20621493325757e-5,1.74975876452918e-8,8.42772256248736e-6,3.072937331438652e-5,-6.2402815979899565e-9,-2.012717371258077e-5,-0.004380056174341007,3.3544112101324686e-5,-0.14131548481236678,-8.524611058713383e-8,4.6813605317219675e-7,0.03376525719431811,-9.835652622913749e-8,1.2340756775919282e-5,-0.0009060523266271048,1.9017105547637983e-9,-0.015008679009497428,-1.7688027962887293e-11,-2.331340135709476e-8,-0.0010441156139222585,1.2826258439124771e-5,-0.02183566718304064,-5.532804641661393e-7,7.023014411071393e-6,-1.3097650361615365e-5,0.00013729433784348544,1.4672261917092477e-6,-8.874693437910253e-7,0.10410769038571743,-0.00039268644800927177,1.5272220677431392e-5,-1.3805528515167809e-7,2.0355458874021792e-7,0.00011000584366449573,-9.469799832295678e-6,-0.39385364872578066,-0.1663137297873618,4.843280160926611e-6,-8.355877781363041e-8,7.981201117536474e-8,-1.3616982197373062e-6,-2.9643843842304396e-9,-5.163254484852331e-6,0.0003594209510993096,-6.757498123022287e-5,-3.055405609231343e-5,-0.6136030097986804,-0.13615519978338853,0.06571558481255124,-1.179268644454362e-8,-0.002104816921928432,-0.0002520282170195287,-6.125544365076507e-6,0.001077908313163789,0.0008536584836065231,-5.175765280251987e-8,1.147562709036265e-5,0.00028094631282726823,0.03792111506481888,0.0008326696439269199,-0.3317431790237606,-0.00032048606635726173,-0.00022763416754401078,3.1750741209812805e-8,5.432689210603178e-10,0.14531518072180916,-8.378443126788593e-8,-1.7185497261915962e-9,-4.0909027701485634e-7,-0.0001304943014588389,2.8837643339940655e-7,-0.42129111702524824,-0.003756579999162568,0.007952606950766494,0.00011504942304441101,2.9819979658896045e-6,-1.3316359471104988e-5,2.6754061378753136e-5,-1.2589912920191182e-5,9.91828035381559e-5,-0.38143770159513224,-0.002472266864060657,5.528321270764636e-7,-1.2130991060121943e-5,-3.437879855794357e-9,7.118147485329906e-7,-6.970476409406956e-7,0.00029486377303555855,0.004661251114271181,-0.03436972335111932,-0.00015738617483407324,3.1062090206646076e-6,1.482903995153606e-6,0.000601640236681078,-7.938063353862823e-7,-7.024292494861584e-5,-0.2993167626846116,-4.075678952664141e-7,2.749454969669385e-7,3.471294995005536e-6,0.00010201682050592353,-0.0001263670011653062,3.301826038892841e-5,-3.80773128689782e-5,-5.551685280380525e-7,0.08404082044626193,-3.156929002283773e-9,-0.0001231035342073028,1.842463267109906e-5,-1.6463422309875853e-5,-0.00019268229516455904,0.00030369976991551084,-1.6155112038049313e-7,-1.9080654237169092e-7,-2.358577988366417e-7,8.781057262291503e-7,-1.3411899780990666e-5,-3.33822270164319e-5,-0.0005612300624306954,-7.69167590819464e-6,0.0005198470026357427,-1.1865709395250668e-7,-1.5620089788108416e-7,0.027172665646503447,1.517988387078617e-5,-0.00029226012173921845,5.003074287149301e-7,0.00047444293039689,0.1813131521921605,5.1705937153201376e-5,9.004782037802528e-7,3.1262412112376126e-6,0.007871588146372233,-0.47999061363952933,1.7742776447279146e-9,-8.800502339645355e-7,1.5109696869242129e-5,0.0931304682683276,-5.1150672114586015e-8,1.2868369312409728e-8,5.742949955589438e-7,0.0001915393775107077,-0.008620206595878699,3.311763741198348e-5,-5.6642208888513235e-8,-4.8403932932927773e-5,-1.0193533586999592e-5,0.0025837107059487607,7.395493426542998e-6,0.0107366251431813,5.582295143169522e-7,9.465021028054466e-8,-8.315526779526308e-9,-1.4513098722801487e-8,-0.30827373831562,-1.3677956326590968e-7,-1.9202068131107808e-5,8.596640043379011e-5,0.11703236196990474,3.1696755037335933e-7,1.2153618081920704e-7,-3.2259845184068325e-7,3.598777919444629e-6,-0.004446526058472955,-7.032714510302185e-6,2.0116995218533162e-6,-0.09578458958094416,-0.00014361826465858485,-2.0148270035713622e-7,1.1187668826420638e-7,1.748757755049013e-6,-9.773069969848413e-9,-0.47520772808638867,0.00011120962116706323,-2.2092402174322956e-7,-4.7921794687870445e-8,3.116684015935789e-5,5.250897266995125e-6,-3.6663192295449676e-6,-2.7240019795371495e-5,-0.00035494834483529303,-1.9378686134802203e-6,-0.3584412462078035,-7.205233879048478e-5,0.009644388881497434,3.746607821142334e-5,0.00036615405656448274,-1.3999877404025085e-5,-0.553517841923167,-0.00013792358007336247,-1.1011046656683732e-6,0.0019502900893257902,-0.00017259968011984483,-3.2330560090221283e-7,0.030658530182336108,-0.00029576417875887273,0.004211981298340106,1.1504349027191552e-5,-0.0011350896921555886,-1.1529984774938384e-5,-0.0012064183073050572,0.00021253897495299157,-0.15867495894781314,4.685245689373119e-5,-6.5726978426550176e-6,-3.8895068186661774e-5,-8.946725367220409e-7,-1.0253525291048504e-5,-0.11664585053222254,2.1343706020360287e-5,4.190722165731131e-6,-1.4133649292591421e-8,0.0003394392485915887,0.05293689918744349,-0.0014385097838385263,9.697266403416172e-7,0.004303051478927955,0.010861306268907356,-0.15668358141101635,-6.46386490735229e-7,-0.007766281411022646,-0.5795987311539648,7.918926724428954e-8,0.0022401512005671975,1.855379402112417e-8,1.2156837317367497e-6,0.0001245804992073829,-0.12040816075386829,-1.0806911521221707e-5,5.997926554243693e-7,1.80099250634419e-8,-6.582322350234815e-7,0.02902515267032868,-0.012458049244742142,0.020276777237540955,3.212318243939194e-5,0.07179383135371609,-7.6149006731363045e-6,-1.0725035775482894e-5,0.00038304368314356907,-0.12054758182057412,-3.136952151110064e-9,-1.0178846558517307e-5,-0.0024062515844889276,4.074583113355956e-6,1.071068891189686e-6,0.0003294692801603105,-6.295437055570119e-5,-7.269252984554164e-7,-5.617934442980754e-6,-0.008021194027605816,-3.960830940741289e-5,-0.0003473278102603672,0.0001741938729269421,-2.374170078311977e-6,-1.7193396621359436e-7,-0.024942652076333616,7.401270194939968e-6,5.295373002123325e-10,-2.66822994110516e-6,-0.005683692860657175,-1.831228141711133e-7,-0.0005748830628817814,1.043720013349514e-5,1.0806871000856866e-7,-0.00011250769178872133,0.0029448814137040813,-0.007652874013729161,1.6696454859799204e-6,0.00022433895671269966,1.7863901882630984e-5,0.006273960265843925,2.8626765931696885e-10,-0.002566135269944425,0.0319650361470849,2.426063989702243e-6,1.9656327672201712e-6,4.5926885891556246e-8,3.869533206413145e-6,0.0007234736465591141,2.1885537817567524e-6,-2.9869873935384206e-9,9.271771841667942e-5,0.005349381793621433,-0.0228898113014111,-0.0001416984532056631,2.4876658853527356e-9,-6.430144209979005e-6,3.221085466531548e-5,0.09489294316881569,0.00014070807872634816,-4.817441152521473e-7,-0.00047007175104785137,-0.03878492075091344,-0.24591242582027917,-4.197106242068149e-8,1.6468630812838114e-5,0.13619293155352352,-0.033640758767433,6.624592211679214e-6,-0.00019526917699863588,-1.471444811620981e-6,-8.48106803346127e-5,9.823122267861584e-10,0.003389477445580269,4.9274633381557464e-5,-0.009296433790950687,0.00582081639822718,1.0087114607482128e-6,-8.121136390926154e-5,-3.426460291144906e-5,7.985201486149229e-8,-0.010270267606756533,-1.8333551699001305e-5,9.20352772243449e-7,0.0005640354897309408,5.5618448360772454e-8,7.863813100694728e-9,-3.4362381586383606e-5,-1.8910356773815806e-6,0.0006182025790621992,2.030347196679827e-5,0.0889892987524945,-5.26545764785169e-5,-0.010175776002142811,-0.0757956846655361,1.1110238847256149e-6,1.8447244653357897e-7,-0.3326437704672571,-0.076036286146973,-0.000638420644463622,9.979969297546631e-5,-1.2387666133216284e-9,0.0001664672406036516,-4.067690283093839e-5,3.020232028014269e-9,1.0528792190322989e-5,2.0809584157177596e-5,-5.386958357080779e-7,-1.0834342435706024e-7,-1.6675937514198935e-6,-0.0002069787605023521,5.134250662675033e-7,-7.602594493505421e-6,9.699750884162306e-7,4.523552285529142e-7,-0.08654362949891947,3.967649010405694e-5,0.0002542745081797193,-0.011216905937544652,3.854618106258201e-6,4.6318578655283466e-8,-1.3852321148477564e-7,-0.44269595358309743,-0.0005492693433097884,6.978708635696496e-7,5.984139741954664e-6,-4.712383249394492e-6,-2.5124771921292144e-7,2.1577729893140773e-7,2.9816333435572773e-7,-2.7007549390667407e-5,3.88496935697924e-8,-0.034476747779990546,0.0014023604534258993,3.368775848855421e-5,0.000111772093049467,-3.425172654671852e-9,5.316690043111194e-6,0.006846063833563676,7.263638706622721e-7,0.001462432930338764,-0.22660006013757084,0.00012975929200109704,-2.457533542443713e-6,-0.024437246890556708,-0.014478959463303909,0.0003261402079601794,-1.2542553000649548e-5,5.535263404077284e-6,-4.860252311278401e-6,1.4804033701132369e-6,0.011236274901420984,-8.691289927476031e-7,-0.09552738965066965,-0.027931846729188692,0.00027542152688919685,0.002640499123117479,0.00019542365185998278,-1.2874658327222122e-6,2.009376188442241e-9,-4.601603948578559e-9,1.4569851407471301e-7,1.9812362550553075e-5,1.4538599060753832e-7,0.0005658116427014193,2.55636096633486e-9,0.0004993185006156864,0.000765732560523702,-0.00029678192676385606,-0.016284052480841638,0.00021265948556958847,0.007180844252616225,4.33326669251749e-10,0.004345121823007503,0.00014235339321544416,2.2496411630767987e-7,-6.166240295613079e-5,-0.006731709422638232,2.597354465672108e-5,-0.0002316381787750288,1.2474730181136207e-9,2.278520505560877e-5,0.00013789573302602776,-1.1547478270812483e-6,3.711252183624669e-7,-9.305049852581515e-7,0.003908168764837683,-1.9188364284161707e-6,5.038574364846227e-6,0.014189620425440808,-0.005632944446915644,-0.00048418806909467094,-5.52055091382897e-5,-2.1554259345413218e-7,-0.005353856613510288,-6.713870118191245e-7,-1.2490616702577552e-8,-1.4047117023463507e-6,-0.05440125449968036,-7.685180153718663e-9,-0.004953192997163569,1.518719408677427e-5,-1.2175340750708585e-5,0.01941846312729467,3.098634318410287e-6,-0.0035713420878664692,-0.0024489424126841186,5.120409475978249e-5,-0.0390636255069694,-8.298074340995498e-6,-0.004204789699770117,-0.002882474788975742,-3.8011714253549655e-5,5.5212290881595516e-8,-0.4343804054769862,2.912342181105032e-5,2.1393193843977087e-5,6.25792833233163e-5,-0.055484150605479954,-6.670118878338016e-7,1.436333557118183e-7,1.0613263567039316e-8,0.0002569133964698267,-0.00038027515643079823,2.92846741977576e-8,-0.5701668128240271,-0.09655307591083329,-7.106132498435613e-5,0.01884814823870329,-0.22792488421691814,1.68208840567452e-5,-3.660981559816534e-5,-0.008039426533173355,3.271865159581999e-6,8.651512583765508e-8,-0.3103881693823496,0.0012728981971577014,8.09245910282641e-6,-1.4580674279507377e-5,-0.00027634810078325245,-0.0003181268969711937,-1.6641388002724966e-5,-2.119549367685103e-6,1.9752304835155e-9,1.687299881862614e-7,-0.17082936865335796,-0.040509909980755765,4.060156982887975e-5,-0.005655200185174181,8.546038387180488e-6,3.0174287104500763e-5,7.555955717705731e-8,1.6775442345240421e-6,2.5445311494561723e-8,0.0007446632862411207,-0.001439705994016549,-1.9377907785056436e-6,3.901938436889907e-5,5.141510305506358e-6,0.17730235049020848,9.7195831117447e-6,1.0031009836986016e-5,-0.013611490000585036,-3.7194219499464554e-8,-8.252729229163425e-10,-5.074729021004032e-6,0.05850693521279027,4.51107726477315e-11,1.650121467076807e-8,-3.894948844679856e-9,4.298595767338043e-6,-0.0018965193012263626,0.00016669351344944516,0.005812425415570033,6.453706963838179e-7,1.4795202110326477e-8,-0.01941916196665261,3.621085978622318e-5,3.5678743068312535e-7,7.22104414596636e-7,-4.800841777070908e-10,-4.656580558304313e-5,0.0003930864433812076,-0.08520460842555622,-3.483465288667276e-5,-0.004333175942520029,1.8315748708253032e-6,0.000245814972707592,-1.9209262134417537e-7,-1.1870503205391181e-7,1.683583036538039e-5,-0.0022824480506073996,0.00012505576725629908,0.0003111103488322442,-1.4584135187512004e-5,-0.00022124760653241538,1.4617811404382675e-7,1.5509209578927485e-8,2.7729558773614826e-6,6.619629036208607e-5,5.9221810492005034e-5,-0.15623501935624518,-0.05225341971163289,-6.516740355677619e-8,-0.012138072685047518,6.3704275787834774e-6,-1.4622948497855504e-5,-1.4007015703559889e-7,-0.0003055442392678742,-1.9750942072984095e-9,1.223568417785259e-5,0.0002171290132082504,-0.005999963026624755,-0.47229866913039587,-4.000615068555646e-5,0.0004144960098528827,-0.03519178789429134,-9.555153237107532e-9,-0.8452624862475204,-0.0012933234647789504,1.0852490838431095e-5,0.031872582571850216,1.636239081725943e-8,-0.00025834614359609986,-4.747388382408957e-8,-3.5876500605047656e-7,-0.1946100669738371,0.06615125173402703,-4.700286048847646e-7,1.0498841493955524e-6,1.8232190651668034e-6,-0.013487786891346332,0.00037733056984734503,-0.00016760211217103915,3.9050965059284765e-9,-0.15587165617762366,3.4355765178628594e-5,-0.0006990983620198676,-5.180796909531882e-7,-0.40522809921640146,-3.1180716086876004e-7,8.417990032469347e-9,-1.8917021508357834e-5,-0.0027927803730563028,0.0011353708950991859,-0.2763608165550977,-8.117236667852176e-8,-7.501465710754718e-7,-1.1245052115339826e-7,-0.012893200664620963,-0.001195337970784749,-8.678021756303167e-6,-0.08071235810348298,-0.14082706712724757,0.007657469243895321,-2.0957695034268253e-7,-0.0001860600449674621,1.024456266429663e-6,-4.039808329941996e-7,0.03456440772060887,-0.0003980378853327693,0.05205266735447367,-0.0002425570012505318,-0.005252789324799778,-2.5123719369801734e-5,4.5063065130541285e-9,1.1542456795042566e-8,-8.735344196458827e-7,-1.1815236131140772e-7,0.21252462234042468,-7.3139396230548215e-6,6.832103067289097e-6,-0.0668378443660913,-0.007197269630523806,0.09948715775317396,-0.0008413542787479855,-0.00011387826111786126,1.1417443108285852e-5,2.589033668787266e-6,-0.8512950909789652,-7.806503595730874e-5,0.0017835761866535904,6.150271623539538e-6,-2.898999252459733e-10,-8.133558274461827e-8,-0.006348668369355437,2.4950339284316066e-9,0.0758322351375682,-1.1965898884191972e-5,2.103475287180967e-9,-1.3504488537430248e-6,-0.00047672468463133555,-1.2970908329634767e-5,2.5641375170620123e-7,-0.020004212299681967,0.015560080661998654,7.684677831576447e-8,8.162957984003683e-7,0.001304949131565536,-0.0010386312087575789,2.5963136900813977e-8,-3.534454123821362e-7,-1.3102303968448581e-5,-2.3534690999195765e-8,-0.044662185859351666,-4.085903793793477e-5,-0.0026272406767020584,7.975764434314803e-9,-1.552229924506321e-5,2.9366216571305448e-8,0.031014607651286497,-0.41487761628013686,1.4085426090076902e-7,0.0036810670012528135,-2.169678210424235e-9,3.739937567814877e-5,-0.002501049513682574,-1.6182258864849697e-7,2.0031871713482863e-8,-1.5709948052444744e-6,1.006048246376956e-6,9.916375974228231e-5,-0.030992158192020725,0.0006908907368767814,-3.968902282380782e-6,6.170349866902597e-10,0.014809855115345272,0.00019815879528550795,-0.002709575268681874,1.744358506350352e-5,3.920292872994224e-6,0.00014961695130111252,1.2734264231539782e-5,2.7172799567376504e-7,-1.2629157771115729e-5,0.06009885597086395,2.9352714898955856e-7,1.0488066546354702e-5,9.416743148360496e-6,-2.2659911333086646e-7,0.005075768787264678,-0.0014862715397612192,0.031418981405749946,-8.916777116951824e-7,-0.06319813126719964,8.398937386723537e-9,-1.9363590941724913e-9,-0.003101382801105501,1.912677258530948e-5,4.488516165679357e-5,4.453690623240636e-8,0.0021272616525038757,1.5824208015983998e-8,3.5699079851347904e-5,-0.0001496189761809319,1.8686486176998363e-8,6.2833912579662865e-6,-0.005355992031581991,-5.2820849628237854e-8,-5.93698196105219e-7,0.00019009822358384554,-8.277684872126656e-5,-8.050523030433965e-7,1.5185639421488872e-5,2.2042887947382184e-5,-0.0003378511181395538,3.121026433405838e-7,-0.09895359826623462,0.0007615464237460401,1.63070572085644e-5,-0.0002693737056915779,-0.24166936421534047,0.13983842228117283,-0.6311474804751924,-0.013818282870488474,-2.9324760635399127e-8,-0.0015614161431187767,0.0036601967127856128,2.9860701655337607e-5,3.6928753683468374e-8,0.16357368091121316,3.369501116878837e-5,6.805027635004013e-7,3.3116486079006607e-9,3.6610378728596515e-8,-0.002828089753165841,-0.2618290273239836,-0.19546057502157055,0.007063619357722928,-8.996770081779858e-8,2.3728819234514198e-7,1.3011382523492321e-8,-3.3672698641851184e-5,0.004348689129074046,-2.5280602672372865e-7,-0.024792914064164506,-8.105509242017916e-6,0.0038992224604044168,2.0983428985488217e-6,0.00024655326939182487,0.21417371965952725,3.2225801560592515e-6,2.2775803991237353e-5,-0.0004656525560449154,7.301294829176186e-5,6.667963220330364e-5,-0.0001282676430491847,-1.857770276806822e-8,2.3764519012092755e-6,0.0009940909440047108,5.755926426265212e-6,0.0006206705691056413,1.4312253145700143e-10,1.3312007251187197e-5,-2.0674752171769353e-9,2.5628995215853934e-5,-0.8374800537167175,-0.00011124695613773383,-0.00041631674633890725,6.776728195614923e-8,-3.1768246358727416e-10,8.318752999850187e-7,1.4707346899456297e-5,1.1921541439585681e-6,-0.00019820575698759058,0.001277238102602496,0.005511166527867317,1.4149301932775415e-5,-3.8083298965763124e-8,-4.37765029781545e-6,5.535199173456462e-7,-0.004835942469071597,0.0014809734389018558,2.2999445769417148e-7,-0.326790070233983,5.906774143138449e-7,0.0022230372910598817,-0.0026948094837280223,-0.024580329651143984,-0.0002736533000415875,0.05952901109776576,-6.072490665032237e-7,0.005121156374116254,2.0244223560689483e-9,1.2563917090036014e-7,1.7192155177259139e-7,-0.0015681753004628263,-0.00263036326123256,4.642993083781022e-6,-8.87066945836068e-5,-2.842626211529975e-6,1.2514778552352723e-6,3.5298955913809493e-7,-0.010950851039524423,0.0019578293640734046,-8.831134326214851e-5,0.002490070699423086,6.584934436051557e-9,-6.505193894668082e-7,-1.2008517104311611e-8,-0.6096134159743087,-0.00012915390120582515,9.924870617439296e-5,-4.5349111766138095e-9,0.0629676020162151,-0.6518187590118032,-2.266216591451098e-5,-0.0004437849252099113,5.99745508533811e-7,-0.731192853396351,5.303315294968858e-7,2.873314294271623e-7,0.00020508152621800946,-1.8521291016426744e-6,0.0003967912166444876,-3.322078240969306e-7,0.00010443017812455935,-0.03603467518286152,-0.0004110254916724898,0.0029254613755256287,1.1440773413529115e-5,6.062567768118365e-9,-6.540872060402652e-9,5.9527528829816934e-8,-9.994059211801409e-8,-1.7707915802023244e-6,0.041676383988715315,-0.46479487840406364,0.0006638606046180939,0.0008015852842504501,-1.064090845881438e-6,0.0012472825749227923,2.5945745903838136e-7,-0.00015631238952096282,-0.0003008304303762088,0.14306997124367626,0.001871321167300266,0.0006408000444935169,-0.00024619908609224694,-8.05724752410697e-5,-0.19606944895349443,1.004659541739561e-7,-0.015381522694951855,-0.3264346300275065,-0.0011475927952346865,0.0010476603667939344,-0.00011776599468049653,1.2498480206520057e-8,-0.834779305383563,0.016448061185656115,9.481630924401685e-6,-2.2054582924854738e-7,-0.0036542413417919306,0.0019067522680416005,-0.015094894930371083,-1.1341343359561051e-5,0.07468579706619494,0.005403881550591905,1.8549028627745656e-5,-0.00031914425973411653,-1.5123946177451192e-8,1.1220852084508303e-9,-0.0003239146383862135,0.01144150305117364,0.0003643891848810199,-0.0006470303956120915,0.00023577975817090646,0.0009747051599333645,-1.394385646058538e-5,-2.1403948657905403e-5,-3.778081582250792e-5,-0.012316264816035982,-1.2136524542682992e-5,0.0004673580685903289,-3.895733241332522e-6,8.614744732571289e-7,-0.012118031780119054,0.022931525818421505,5.25249985963705e-7,-0.006275596484556445,-3.936018160921942e-9,-3.73742582271408e-7,-8.993781655419752e-6,-2.13854363939614e-7,-0.0013921032677899348,-2.535601019634792e-7,8.77434365464426e-8,5.2326873330343915e-5,0.00033651170451776125,1.3077523776882337e-9,-0.05384226424212102,6.444978510344868e-5,-4.7530249842608896e-5,-0.14646021023509093,0.0002997538579165848,-6.973025106805919e-8,-0.00024049894838640284,3.11635457404813e-7,9.074762510863366e-5,-3.6182834877163117e-6,0.005468090777867474,-0.003675790740089724,-0.0003239267269350421,0.003209783560123469,0.0008377536688612963,4.167313621683544e-7,-1.0557757856410888e-5,-1.846535355454204e-7,-1.501249574764607e-6,0.0011957152746617794,-3.0628769276744294e-7,-1.0539500580608596e-7,-0.0010313896378306708,5.331641773409501e-6,-1.0394666682955744e-8,-1.564198697734387e-6,1.1889923439561967e-6,1.9101742717089754e-7,-0.0006169162948026496,7.912685237587702e-7,7.758734405058539e-9,0.01828793115419103,5.8744407720190406e-8,0.0001790713365146246,-3.2156718460518707e-6,3.706590738440825e-9,-2.3929536477673707e-5,-5.4746290270024645e-6,0.00016055890091593028,0.001532843376025994,-1.256825243396882e-7,6.907771761710535e-6,0.019118510208500084,1.4496625694564863e-9,4.2534163654378565e-7,2.727510542754885e-5,-1.1630663646240713e-7,-7.449405086790151e-6,8.743971438573972e-7,1.473918674776975e-6,-1.566966933985725e-7,-1.265820981003344,1.1196812682578994e-6,-0.00011266557244482556,1.2650673041590677e-7,5.246719320950444e-7,-5.957297333035591e-9,-0.011079042257733818,-1.3660461577469363e-6,3.448788664026092e-8,-2.8129479358318665e-6,0.0020480728799157077,-5.250530147660193e-6,-0.0778071898384951,0.00010223280577292826,9.72656258660387e-9,7.064998231953723e-5,-2.16720966797479e-8,6.795761204603235e-7,-1.200545779767026e-5,-0.11228421644773334,-0.002227466937625877,6.759835435410366e-6,-1.1366447154159687e-5,1.504776948879627e-7,-0.06447804356866982,-0.0001062029417475685,-2.225803302735585e-5,-0.009190742624923587,-0.001980045224627247,-6.592794720150508e-7,9.182057481016415e-7,1.2185244074203183e-5,0.003743129464055528,-0.0017490806967543904,5.326582895870402e-7,6.31237628681558e-7,0.0019500175440043677,-0.00014032758635096343,-6.5722391906497535e-6,-0.03251889431703603,0.005003480870072963,0.00023456432711554953,0.0010110450725733244,1.032886878138406e-6,3.2817313646779644e-7,-0.0016044505682657473,-0.00019096901962711854,-0.014511374174617231,5.346175470932746e-7,-0.0005042321477048972,0.0024195191253966186,3.2117440631473926e-6,-1.996806471386836e-7,-9.42879321508272e-6,-6.500903360073806e-8,6.763341440318982e-5,-6.003334083043432e-7,-0.027701445193088148,-0.33757618721574545,-0.0007840250459878462,-3.1423407477471077e-7,0.00014315133389786183,0.0005802453511023486,-8.760349343717166e-7,1.6815325294293124e-9,0.0036259545922803227,0.00040498097308727665,3.6659237852010307e-6,0.0106302825952298,-3.508043054489818e-6,0.017249697979423217,-5.839554360953514e-6,0.0012231053960931604,5.619773895659819e-5,1.339734981148366e-7,9.86438801545142e-8,3.5955988019198415e-6,-3.1504937098372765e-8,1.05446631816844e-8,0.014142141433694633,-1.8939585547106397e-6,-0.00014577700750884048,-3.1101176675374376e-5,2.1605115576583955e-5,-0.14395900798263028,-1.9298372744129023e-10,0.02490230081457412,8.370009309667352e-9,-1.4995517187005314e-7,0.00030305329420343696,6.500090399090552e-9,4.210417981198589e-5,-1.2086079286249135e-8,1.5568103074910244e-8,-1.339713164363876e-8,-1.8055281575946047e-5,0.011319053554416314,-0.0032540943302592495,-1.5420132495336247e-6,-4.301418516233779e-7,4.581537001513425e-5,0.001468436123104766,2.8304956353863986e-5,0.0023814286214474123
